
strategic_region={
	id=2
	name="STRATEGICREGION_2"
	provinces={
		18040 18048 18050 18052 18053 18056 18062 18064 18065 18068 18070 18073 18075 18076 18083 18084 18085 18086 18087 18092 18093 18095 18099 18101 18105 18114 18115 18121 18123 18126 18127 18133 18138 18139 18141 18144 18147 18148 18149 18154 18156 18158 18162 18169 18170 18174 18175 18176 18181 18182 18185 18187 18195 18196 18203 18205 18211 18215 18216 18217 18226 18234 18238 18239 18240 18243 18247 18251 18252 18253 18258 18259 18260 
	}
	weather={
	}
}
