
strategic_region={
	id=223
	name="STRATEGICREGION_223"
	provinces={
		18 148 156 260 261 266 454 1003 1306 1386 1596 1747 1931 1976 2149 2710 3021 3220 3267 3298 3329 3375 3502 3620 3794 3815 3954 4104 4223 4552 4772 4788 4911 5149 5307 5432 5567 5636 5762 5949 6035 11953 11954 11965 11966 11967 11977 11978 11979 11991 11992 12005 12012 12017 12022 12028 12029 12036 12045 12081 12087 12088 12098 12099 12100 12109 12114 12123 12143 12154 12156 12163 12169 12173 12174 12179 12186 12195 12206 12207 12212 12216 12217 12221 12227 12233 12244 12245 12246 12257 12260 12263 12272 12273 12276 12282 12289 12296 12297 12304 12307 12308 12329 12330 12347 12348 
	}
	weather={
	}
}
