
strategic_region={
	id=224
	name="STRATEGICREGION_224"
	provinces={
		114 119 123 433 512 711 759 810 1305 1375 1511 1535 1598 1614 1683 1885 2173 2372 2400 2472 2849 3196 3219 3486 3965 4127 4309 4339 4400 4540 4551 4564 4658 4703 4900 4938 4956 5094 5622 11465 11466 11471 11477 11501 11502 11521 11522 11541 11542 11544 11545 11552 11557 11562 11569 11573 11585 11586 11595 11596 11610 11612 11620 11623 11624 11634 11640 11656 11657 11658 11659 11662 11669 11675 11683 11694 11699 11700 11706 11707 11708 11735 11736 11748 11749 11750 11751 11758 11764 11784 11788 11800 11801 11802 11803 11815 11816 11824 11825 11826 11827 11849 11850 11854 11855 11863 11874 11884 11885 11888 11900 11905 11913 11914 11927 11934 11940 11941 11996 11997 12037 12046 12047 12089 12101 12130 12144 
	}
	weather={
	}
}
