
strategic_region={
	id=224
	name="STRATEGICREGION_224"
	provinces={
		18 114 119 123 148 156 260 261 266 433 454 512 711 759 810 1003 1305 1306 1375 1386 1511 1535 1596 1598 1614 1683 1747 1885 1931 1976 2149 2173 2372 2400 2472 2710 2849 3021 3196 3219 3220 3267 3298 3329 3375 3486 3502 3620 3794 3815 3954 3965 4104 4127 4223 4309 4339 4400 4540 4551 4552 4564 4658 4703 4772 4788 4900 4911 4938 4956 5094 5149 5307 5432 5567 5622 5636 5762 5949 6035 11465 11466 11471 11477 11501 11502 11521 11522 11541 11542 11544 11545 11552 11557 11562 11569 11573 11585 11586 11595 11596 11610 11612 11620 11623 11624 11634 11640 11656 11657 11658 11659 11662 11669 11675 11683 11694 11699 11700 11706 11707 11708 11735 11736 11748 11749 11750 11751 11758 11764 11784 11788 11800 11801 11802 11803 11815 11816 11824 11825 11826 11827 11849 11850 11854 11855 11863 11874 11884 11885 11888 11900 11905 11913 11914 11927 11934 11940 11941 11953 11954 11965 11966 11967 11977 11978 11979 11991 11992 11996 11997 12005 12012 12017 12022 12028 12029 12036 12037 12045 12046 12047 12081 12087 12088 12089 12098 12099 12100 12101 12109 12114 12123 12130 12143 12144 12154 12156 12163 12169 12173 12174 12179 12186 12195 12206 12207 12212 12216 12217 12221 12227 12233 12244 12245 12246 12257 12260 12263 12272 12273 12276 12282 12289 12296 12297 12304 12307 12308 12329 12330 12347 12348 
	}
	weather={
	}
}
