
strategic_region={
	id=225
	name="STRATEGICREGION_225"
	provinces={
		35 61 234 650 676 729 739 853 1057 1172 1490 1536 1587 1854 1928 2213 2420 2553 2679 2697 2993 3221 3264 3474 3492 3856 3971 4026 4507 4572 4601 4612 4715 4786 5248 5253 5434 12974 13001 13011 13029 13037 13045 13056 13061 13062 13082 13083 13084 13090 13099 13103 13112 13113 13119 13120 13129 13134 13135 13138 13139 13146 13147 13148 13156 13159 13160 13163 13166 13167 13169 13180 13181 13184 13185 13190 13194 13195 13206 13207 13212 13213 13214 13219 13220 13221 13230 13231 13232 13235 13237 13238 13242 13246 13250 13254 13256 13257 13265 13268 13276 13280 13288 13293 13308 13313 13314 13322 
	}
	weather={
	}
}
