
strategic_region={
	id=226
	name="STRATEGICREGION_226"
	provinces={
		35 51 61 190 234 369 650 676 729 739 821 853 867 984 1057 1100 1161 1172 1330 1341 1430 1490 1501 1536 1544 1587 1635 1720 1854 1928 1942 1962 1965 2070 2094 2213 2420 2531 2553 2606 2679 2697 2993 3101 3184 3206 3221 3264 3429 3474 3492 3655 3856 3971 4026 4089 4140 4164 4418 4433 4500 4507 4549 4572 4601 4612 4715 4784 4786 4849 5248 5253 5434 5511 5531 5545 5726 5798 5999 6022 12802 12807 12811 12821 12826 12836 12837 12840 12841 12852 12861 12866 12867 12868 12879 12887 12892 12893 12894 12898 12899 12900 12903 12912 12913 12918 12919 12923 12926 12927 12938 12940 12944 12946 12950 12951 12954 12964 12969 12970 12974 12978 12979 12985 12992 12993 12998 12999 13000 13001 13002 13005 13006 13010 13011 13021 13022 13026 13029 13031 13032 13033 13036 13037 13045 13048 13049 13054 13055 13056 13059 13060 13061 13062 13067 13068 13079 13082 13083 13084 13088 13089 13090 13092 13098 13099 13103 13108 13111 13112 13113 13117 13118 13119 13120 13129 13133 13134 13135 13137 13138 13139 13145 13146 13147 13148 13156 13159 13160 13163 13166 13167 13169 13174 13180 13181 13184 13185 13190 13194 13195 13199 13206 13207 13212 13213 13214 13219 13220 13221 13230 13231 13232 13235 13237 13238 13242 13246 13250 13254 13256 13257 13265 13268 13276 13280 13288 13293 13308 13313 13314 13322 
	}
	weather={
	}
}
