
strategic_region={
	id=226
	name="STRATEGICREGION_226"
	provinces={
		369 821 867 984 1100 1161 1330 1341 1501 1544 1635 1720 1942 1962 1965 2070 2094 2531 2606 3101 3206 3429 3655 4089 4140 4164 4418 4433 4500 4549 4784 4849 5511 5531 5726 5798 5999 6022 12802 12807 12811 12821 12826 12836 12837 12840 12841 12852 12861 12866 12867 12868 12879 12887 12892 12893 12894 12898 12899 12900 12903 12912 12913 12918 12919 12923 12926 12927 12938 12940 12944 12946 12950 12951 12954 12964 12969 12970 12978 12979 12985 12992 12993 12999 13000 13002 13005 13006 13010 13021 13022 13026 13032 13033 13036 13048 13049 13060 13067 13068 13079 13098 13108 13133 
	}
	weather={
	}
}
