
strategic_region={
	id=228
	name="STRATEGICREGION_228"
	provinces={
		14 141 186 192 200 322 377 395 406 424 448 455 627 683 712 803 860 980 1091 1107 1155 1255 1308 1361 1445 1464 1467 1468 1562 1657 1783 1792 2088 2323 2608 2646 2681 2688 2826 2838 2906 2930 3032 3231 3269 3330 3374 3395 3449 3482 3517 3629 3657 3767 3817 4059 4082 4101 4252 4255 4377 4426 4638 4669 4794 5144 5236 5321 5335 5537 5574 5718 5829 5875 5924 5970 6000 6010 11728 11729 11737 11745 11746 11765 11766 11811 11828 11829 11830 11865 11866 11867 11877 11889 11890 11895 11907 11908 11922 11923 11928 11935 11936 11943 11944 11949 11969 11984 11985 11986 11999 12000 12001 12002 12013 12030 12040 12050 12051 12052 12053 12062 12063 12069 12093 12094 12103 12104 12105 12110 12118 12119 12131 12132 12138 12146 12149 12150 12159 12160 12164 12165 12170 12175 12180 12181 12187 12188 12189 12196 12199 12203 12208 12209 12210 12218 12222 12223 12228 12229 12234 12239 12240 12241 12247 12248 12253 12254 12258 12264 12265 12266 12274 12275 12277 12283 12284 12290 12293 12298 12305 12306 12309 12310 12313 12314 12316 12321 12331 12332 12334 12335 12336 12337 12339 12340 12341 12342 12344 12349 12352 12353 12356 12357 12360 12361 12362 12365 12369 12370 12373 12377 12379 12384 12385 12388 12391 12392 12395 12398 12402 12405 12406 12410 12411 12412 12415 12425 12426 12427 12429 12430 12432 12442 12443 12448 12452 12454 12457 12461 12464 
	}
	weather={
	}
}
