
strategic_region={
	id=228
	name="STRATEGICREGION_228"
	provinces={
		11 75 332 357 393 644 665 783 878 924 1210 1219 1342 1476 1645 1651 1656 1726 1826 1835 1916 1971 2195 2320 2371 2545 2687 2695 3100 3143 3326 3675 3715 3868 3886 4009 4091 4156 4334 4479 4509 4588 4619 5158 5232 5379 5400 5506 5849 5933 5937 10791 10802 10828 10863 10883 10902 10907 10908 10922 10937 10938 10949 10950 10953 10954 10959 10960 10965 10966 10979 10980 10981 10993 10995 10996 11005 11006 11009 11013 11021 11025 11027 11028 11029 11030 11035 11042 11048 11049 11054 11058 11061 11062 11063 11070 11071 11072 11081 11082 11088 11100 11112 11121 11127 11136 11137 11142 11144 11150 11169 11174 11196 11197 11204 11205 11243 11295 11369 
	}
	weather={
	}
}
