
strategic_region={
	id=229
	name="STRATEGICREGION_229"
	provinces={
		111 279 292 499 526 956 1104 1113 1448 1600 1758 2043 2084 2134 2135 2150 2302 2610 2935 3111 3177 3423 3476 3496 3910 3913 4102 4454 4602 4679 4764 5086 5230 5446 5755 5856 6263 6287 6297 6304 6351 6401 6402 6410 6455 6469 6477 6478 6522 6531 6535 6536 6542 6576 6590 6598 6599 6603 6613 6653 6658 6666 6673 6674 6675 6701 6702 6711 6721 6722 6723 6733 6734 6735 6742 6743 6785 6786 6795 6801 6802 6811 6829 6833 6841 6842 6849 6871 6872 6878 6906 6907 6919 6928 6929 6934 6935 6957 6965 6981 6986 6992 6997 
	}
	weather={
	}
}
