
strategic_region={
	id=229
	name="STRATEGICREGION_229"
	provinces={
		152 314 457 467 477 480 502 640 753 762 970 1252 1258 1307 1669 1757 2477 2702 2729 2742 3058 3359 3430 3609 3612 3705 3774 3863 4041 4078 4095 4331 4389 4508 4538 4542 4609 4644 4707 4799 4830 4847 4878 4924 4957 4968 5033 5054 5362 5447 5463 5602 5698 5983 6002 7822 7859 7861 7893 7894 7916 7917 7918 7929 7957 7958 7970 7981 7982 7994 7995 8011 8023 8024 8028 8047 8059 8060 8067 8073 8078 8079 8090 8102 8103 8112 8119 8124 8125 8126 8133 8142 8143 8162 8169 8170 8171 8176 8187 8193 8210 8214 8217 8226 8234 8243 8249 8250 8259 8269 8270 8279 8284 8294 8318 8330 8331 8337 8344 8348 8368 8378 8379 8397 8412 8432 8454 8459 
	}
	weather={
	}
}
