
strategic_region={
	id=230
	name="STRATEGICREGION_230"
	provinces={
		45 107 449 473 661 913 975 1033 1173 1520 1914 2086 2425 2435 2592 2666 2854 2941 2955 3000 3109 3444 3548 3618 3865 3879 4421 4672 5429 5523 5575 5616 5914 5955 6018 7595 7602 7608 7613 7631 7644 7647 7654 7655 7660 7670 7685 7696 7697 7698 7705 7713 7718 7731 7736 7740 7745 7746 7750 7758 7760 7761 7769 7774 7775 7790 7791 7792 7794 7801 7805 7808 7821 7823 7824 7828 7843 7844 7845 7852 7860 7866 7867 7875 7886 7887 7914 7930 7941 7942 7959 7974 7975 8001 8046 
	}
	weather={
	}
}
