
strategic_region={
	id=230
	name="STRATEGICREGION_230"
	provinces={
		45 107 152 314 449 457 467 473 477 480 502 640 661 753 762 913 970 975 1033 1173 1252 1258 1307 1520 1669 1757 1914 2086 2425 2435 2477 2592 2666 2702 2729 2742 2854 2941 2955 3000 3058 3109 3359 3430 3444 3548 3609 3612 3618 3705 3774 3863 3865 3879 4041 4078 4095 4331 4389 4421 4508 4538 4542 4609 4644 4672 4707 4799 4830 4847 4878 4924 4957 4968 5033 5054 5362 5429 5447 5463 5523 5575 5602 5616 5698 5914 5955 5983 6002 6018 7595 7602 7608 7613 7631 7644 7647 7654 7655 7660 7670 7685 7696 7697 7698 7705 7713 7718 7731 7736 7740 7745 7746 7750 7758 7760 7761 7769 7774 7775 7790 7791 7792 7794 7801 7805 7808 7821 7822 7823 7824 7828 7843 7844 7845 7852 7859 7860 7861 7866 7867 7875 7886 7887 7893 7894 7914 7916 7917 7918 7929 7930 7941 7942 7957 7958 7959 7970 7974 7975 7981 7982 7994 7995 8001 8011 8023 8024 8028 8046 8047 8059 8060 8067 8073 8078 8079 8090 8102 8103 8112 8119 8124 8125 8126 8133 8142 8143 8162 8169 8170 8171 8176 8187 8193 8210 8214 8217 8226 8234 8243 8249 8250 8259 8269 8270 8279 8284 8294 8318 8330 8331 8337 8344 8348 8368 8378 8379 8397 8412 8432 8454 8459 
	}
	weather={
	}
}
