
strategic_region={
	id=231
	name="STRATEGICREGION_231"
	provinces={
		38 91 214 244 576 583 604 705 743 997 1012 1166 1256 1303 1574 1615 1820 1848 1940 1984 2000 2255 2364 2556 2663 2733 2747 2815 2832 2943 3133 3307 3560 3726 3936 3982 4119 4513 4839 4904 5155 5278 5392 5771 5837 5948 6247 6302 6333 6340 6356 6371 6372 6377 6378 6406 6407 6409 6417 6425 6434 6435 6436 6437 6446 6473 6486 6487 6500 6506 6521 6527 6528 6529 6533 6534 6541 6573 6583 6595 6596 6597 6633 6640 6641 6642 6650 6651 6665 6672 6698 6699 6709 6710 6720 6732 6740 6741 6761 6774 6775 6784 6800 6810 6823 6840 6854 6855 6861 6870 6896 6897 6898 6899 6913 6944 6956 6973 
	}
	weather={
	}
}
