
strategic_region={
	id=232
	name="STRATEGICREGION_232"
	provinces={
		38 73 91 130 178 214 221 244 275 291 576 583 604 705 743 788 794 861 996 997 1012 1068 1166 1225 1256 1303 1574 1585 1590 1615 1820 1838 1848 1915 1940 1984 2000 2255 2273 2364 2469 2556 2663 2733 2747 2749 2803 2815 2832 2851 2943 3076 3133 3307 3560 3717 3726 3873 3936 3958 3982 4108 4119 4137 4364 4513 4755 4805 4839 4904 4933 5134 5153 5155 5173 5278 5392 5472 5593 5754 5771 5837 5948 6039 6040 6043 6049 6051 6055 6063 6066 6071 6074 6075 6076 6083 6085 6090 6093 6094 6101 6104 6105 6113 6114 6119 6130 6131 6135 6140 6141 6145 6152 6162 6163 6167 6168 6169 6177 6195 6201 6202 6203 6204 6205 6209 6220 6221 6222 6234 6247 6249 6255 6261 6262 6272 6273 6295 6302 6303 6308 6314 6328 6329 6333 6340 6341 6356 6357 6361 6362 6371 6372 6373 6377 6378 6379 6380 6383 6391 6406 6407 6408 6409 6412 6417 6425 6434 6435 6436 6437 6445 6446 6473 6486 6487 6500 6506 6507 6521 6527 6528 6529 6530 6533 6534 6541 6573 6583 6584 6595 6596 6597 6633 6640 6641 6642 6650 6651 6665 6672 6698 6699 6709 6710 6720 6732 6740 6741 6761 6774 6775 6784 6800 6810 6823 6840 6854 6855 6861 6870 6896 6897 6898 6899 6913 6944 6956 6973 
	}
	weather={
	}
}
