strategic_region={
	id=233
	name="STRATEGICREGION_233"
	provinces={
		11689 11690 11691 11693 11696 11697 11698 11702 11704 11705 11706 11708 11709 11711 11712 11714 11715 11717 11719 11721 11722 11726 11728 11729 11732 11738 11740 11743 11744 11745 11746 11748 11751 11753 11759 11760 11761 11763 11765 11766 11767 11768 11774 11777 11778 11780 11784 11786 11788 11791 11793 11794 11796 11798 11799 11802 11805 11806 11808 11809 11813 11815 11816 11820 11824 11825 11827 11828 11829 11832 11833 11837 11841 11842 11844 11845 11846 11850 11852 11855 11856 11857 11858 11860 11861 11864 11866 11867 11868 11869 11870 11873 11874 11875 11877 11881 11882 11883 11884 11885 11888 11889 11891 11893 11894 11895 11897 11898 11901 11906 11907 11909 11910 11911 12023 12027
	}
	naval_terrain=lakes
	weather={
	}
}
