
strategic_region={
	id=234
	name="STRATEGICREGION_234"
	provinces={
		39 72 98 111 279 292 349 439 499 526 553 685 719 755 840 956 963 1104 1113 1195 1270 1413 1448 1551 1600 1682 1758 1785 1879 2043 2084 2113 2134 2135 2150 2208 2302 2519 2528 2555 2599 2610 2707 2765 2935 3096 3111 3177 3368 3423 3442 3476 3496 3504 3562 3597 3669 3859 3910 3913 3919 3967 4102 4190 4327 4358 4454 4464 4602 4679 4763 4764 4844 4865 4891 4922 5021 5086 5087 5103 5221 5230 5444 5446 5690 5755 5814 5848 5856 5873 5923 6044 6045 6054 6059 6067 6072 6073 6080 6086 6087 6088 6096 6097 6102 6107 6115 6116 6122 6132 6133 6136 6146 6147 6148 6170 6172 6178 6179 6191 6206 6210 6211 6217 6223 6224 6235 6250 6251 6252 6256 6263 6267 6274 6275 6283 6287 6296 6297 6304 6320 6321 6322 6342 6349 6350 6351 6358 6384 6400 6401 6402 6410 6426 6427 6428 6429 6438 6455 6467 6468 6469 6474 6477 6478 6488 6489 6514 6522 6531 6535 6536 6542 6552 6574 6575 6576 6590 6598 6599 6603 6613 6634 6652 6653 6658 6666 6673 6674 6675 6700 6701 6702 6711 6721 6722 6723 6733 6734 6735 6742 6743 6785 6786 6795 6801 6802 6811 6829 6833 6841 6842 6849 6871 6872 6878 6906 6907 6919 6928 6929 6934 6935 6957 6965 6981 6986 6992 6997 
	}
	weather={
	}
}
