
strategic_region={
	id=236
	name="STRATEGICREGION_236"
	provinces={
		49 170 199 265 300 343 345 384 441 728 844 1251 1300 1310 1321 1418 1483 1517 1567 1593 1745 1762 1822 1880 1949 2163 2406 2444 2467 2662 2683 2802 2841 2925 2927 2991 3002 3023 3087 3090 3153 3256 3265 3271 3274 3314 3414 3455 3461 3525 3557 3628 3632 3656 3681 3743 3792 3942 3984 4015 4124 4131 4178 4217 4229 4239 4388 4529 4562 4594 4791 4860 4930 5123 5211 5264 5315 5384 5465 5470 5645 5776 7080 7083 7087 7091 7093 7096 7100 7105 7106 7109 7110 7114 7115 7117 7122 7123 7124 7126 7129 7131 7132 7137 7140 7141 7149 7150 7162 7163 7164 7165 7174 7177 7179 7190 7191 7192 7198 7199 7201 7204 7214 7215 7216 7217 7218 7220 7221 7225 7227 7236 7238 7241 7242 7243 7246 7247 7248 7249 7252 7262 7264 7267 7268 7272 7273 7275 7276 7282 7283 7284 7290 7291 7292 7300 7301 7307 7310 7311 7319 7323 7324 7331 7332 7337 7344 7345 7352 7357 7358 7371 7372 7373 7379 7380 7386 7387 7393 7396 7404 7405 7406 7413 7417 7418 7419 7423 7426 7432 7440 7446 7455 7456 7459 7466 7467 7477 7483 7484 7488 7490 7491 7494 7495 7496 7504 7514 7515 7522 7530 7531 7532 7541 7542 7568 7572 7573 7579 7580 7583 7594 7601 7607 7611 7612 7619 7620 7624 7643 7658 7659 7690 7704 
	}
	weather={
	}
}
