
strategic_region={
	id=237
	name="STRATEGICREGION_237"
	provinces={
		34 732 802 908 979 1432 1447 1557 1611 1796 1813 2169 2334 2370 2458 2480 2515 2727 3003 3029 3222 3516 4199 4401 4429 4481 4818 5663 5711 5730 6444 6476 6520 6540 6547 6550 6570 6594 6611 6612 6620 6621 6632 6638 6649 6657 6664 6670 6685 6691 6692 6708 6718 6719 6730 6731 6739 6750 6751 6760 6766 6767 6781 6782 6783 6793 6794 6798 6799 6818 6828 6832 6839 6846 6847 6848 6853 6867 6868 6869 6875 6876 6877 6884 6894 6895 6904 6905 6912 6917 6918 6926 6927 6942 6943 6955 6963 6964 6970 6972 6979 6980 6985 6994 6995 6996 6999 7005 7007 7012 7017 7021 7022 7023 7024 7028 7035 7037 7042 7043 7045 7052 
	}
	weather={
	}
}
