
strategic_region={
	id=237
	name="STRATEGICREGION_237"
	provinces={
		45 107 152 449 467 473 502 661 913 975 1033 1173 1258 1520 1757 1914 2086 2425 2435 2592 2666 2742 2854 2941 2955 3000 3109 3444 3548 3618 3705 3774 3865 3879 4041 4078 4389 4421 4538 4542 4672 4799 5033 5362 5429 5447 5523 5575 5602 5616 5914 5955 6018 7595 7602 7608 7613 7631 7644 7647 7654 7655 7660 7670 7685 7696 7697 7698 7705 7713 7718 7731 7736 7740 7745 7746 7750 7758 7760 7761 7769 7774 7775 7790 7791 7792 7794 7801 7805 7808 7821 7822 7823 7824 7828 7843 7844 7845 7852 7859 7860 7866 7867 7875 7886 7887 7893 7914 7916 7917 7929 7930 7941 7942 7957 7958 7959 7970 7974 7975 7981 7994 7995 8001 8011 8023 8028 8046 8059 8067 8078 8102 8119 8124 8125 
	}
	weather={
	}
}
