
strategic_region={
	id=237
	name="STRATEGICREGION_237"
	provinces={
		52 126 210 232 520 730 1159 1163 1191 1469 1547 1591 1744 1746 1819 1999 2041 2052 2081 2151 2423 2638 2806 3162 3182 3522 3802 3839 3898 4025 4044 4216 4386 4485 4515 5050 5066 5252 5356 5579 5684 5812 5941 5978 5987 15242 15275 15288 15296 15303 15315 15320 15329 15338 15340 15351 15364 15372 15375 15380 15405 15407 15408 15421 15422 15423 15424 15435 15436 15440 15445 15450 15451 15452 15457 15458 15476 15482 15483 15487 15488 15489 15495 15506 15520 15521 15522 15523 15527 15538 15544 15545 15558 15562 15563 15564 15568 15580 15593 15605 15606 15611 15612 15620 15628 15637 15643 15648 15660 15661 15670 15675 15680 15683 15710 15711 15712 15725 15726 15753 
	}
	weather={
	}
}
