
strategic_region={
	id=238
	name="STRATEGICREGION_238"
	provinces={
		314 457 477 480 640 753 762 970 1252 1307 1669 2477 2702 2729 3058 3359 3430 3609 3612 3863 4095 4331 4508 4609 4644 4707 4830 4847 4878 4924 4957 4968 5054 5463 5698 5983 6002 7861 7894 7918 7982 8024 8047 8060 8073 8079 8090 8103 8112 8126 8133 8142 8143 8162 8169 8170 8171 8176 8187 8193 8210 8214 8217 8226 8234 8243 8249 8250 8259 8269 8270 8279 8284 8294 8318 8330 8331 8337 8344 8348 8368 8378 8379 8397 8412 8432 8454 8459 
	}
	weather={
	}
}
