
strategic_region={
	id=238
	name="STRATEGICREGION_238"
	provinces={
		41 423 929 1009 1021 1268 1326 1382 1633 1825 1981 2003 2175 2236 2257 2301 2482 2535 2645 2676 2792 3061 3160 3397 3406 3443 3479 3484 4112 4142 4449 4510 4650 4868 5495 5604 5633 5740 5872 5940 6009 6112 6121 6139 6156 6166 6171 6182 6183 6190 6194 6200 6215 6216 6219 6232 6233 6239 6240 6245 6246 6259 6260 6265 6266 6271 6281 6282 6286 6293 6294 6307 6311 6312 6313 6319 6332 6338 6339 6355 6360 6364 6365 6366 6382 6390 6398 6399 6411 6423 6424 6452 6453 6454 6466 6472 6484 6485 6498 6499 6505 6513 6548 6549 6551 6564 6565 6571 6572 6602 6622 6639 6671 6707 6822 
	}
	weather={
	}
}
