
strategic_region={
	id=238
	name="STRATEGICREGION_238"
	provinces={
		52 60 126 210 232 520 530 593 611 629 730 871 983 1029 1041 1159 1163 1191 1236 1469 1540 1547 1581 1591 1691 1744 1746 1819 1989 1999 2041 2050 2052 2060 2081 2151 2287 2423 2638 2674 2806 2824 3011 3041 3050 3162 3174 3182 3405 3522 3546 3660 3802 3806 3839 3898 3920 4025 4038 4044 4216 4264 4342 4386 4485 4515 4824 5050 5066 5252 5356 5579 5684 5781 5812 5858 5925 5941 5978 5987 5988 15059 15063 15065 15066 15076 15082 15086 15087 15088 15089 15095 15100 15103 15104 15105 15109 15111 15116 15117 15118 15119 15121 15122 15123 15134 15135 15136 15143 15144 15147 15148 15152 15158 15162 15168 15174 15175 15176 15179 15187 15188 15191 15198 15201 15202 15203 15204 15211 15212 15219 15223 15227 15228 15229 15230 15236 15242 15247 15252 15253 15254 15268 15269 15273 15274 15275 15287 15288 15295 15296 15303 15304 15312 15313 15314 15315 15320 15329 15333 15338 15339 15340 15348 15351 15364 15372 15375 15379 15380 15392 15405 15406 15407 15408 15421 15422 15423 15424 15435 15436 15440 15445 15450 15451 15452 15457 15458 15476 15482 15483 15487 15488 15489 15495 15506 15520 15521 15522 15523 15527 15538 15544 15545 15558 15562 15563 15564 15568 15580 15593 15605 15606 15611 15612 15620 15628 15637 15643 15648 15660 15661 15670 15675 15680 15683 15710 15711 15712 15725 15726 15753 
	}
	weather={
	}
}
