
strategic_region={
	id=240
	name="STRATEGICREGION_240"
	provinces={
		491 590 599 797 851 999 1006 1130 1240 1561 1967 1991 2024 2092 2379 2414 2581 2850 2875 3010 3112 3120 3164 3457 3692 3845 4288 4374 4425 4446 4545 4555 4759 4823 4848 4934 5135 5277 5325 5413 5533 5731 5989 10342 10371 10372 10394 10402 10417 10422 10426 10441 10445 10454 10486 10487 10488 10507 10508 10510 10525 10532 10533 10534 10575 10583 10597 10610 10625 10626 10635 10642 10656 10661 10672 10680 10694 10711 10712 10713 10723 10724 10725 10735 10736 10742 10743 10744 10767 10775 10776 10784 10785 10786 10793 10794 10829 10834 10842 10843 10844 10849 10850 10864 10876 10894 10895 10903 10904 10939 10940 
	}
	weather={
	}
}
