
strategic_region={
	id=240
	name="STRATEGICREGION_240"
	provinces={
		11 75 169 198 332 357 393 644 658 665 783 878 885 924 937 1094 1210 1219 1294 1342 1353 1364 1420 1473 1476 1637 1645 1651 1656 1726 1826 1835 1916 1936 1971 1990 2194 2195 2237 2320 2340 2371 2392 2545 2687 2695 3080 3100 3143 3236 3326 3675 3709 3715 3765 3797 3868 3875 3886 4009 4091 4151 4156 4269 4329 4334 4393 4423 4434 4479 4480 4509 4588 4604 4619 4729 4859 4920 5104 5158 5232 5379 5400 5497 5506 5608 5849 5890 5917 5933 5937 10791 10802 10828 10863 10883 10902 10907 10908 10922 10937 10938 10949 10950 10953 10954 10959 10960 10965 10966 10979 10980 10981 10993 10995 10996 11005 11006 11009 11013 11021 11025 11027 11028 11029 11030 11035 11042 11048 11049 11054 11058 11061 11062 11063 11070 11071 11072 11081 11082 11088 11099 11100 11112 11121 11126 11127 11136 11137 11142 11143 11144 11150 11157 11168 11169 11173 11174 11190 11195 11196 11197 11201 11202 11204 11205 11218 11224 11229 11230 11235 11236 11243 11254 11255 11262 11269 11274 11283 11288 11289 11290 11295 11299 11305 11306 11326 11337 11338 11340 11357 11369 11374 11378 11381 11382 11383 11404 11405 11406 11407 11412 11415 11420 11424 11431 11432 11433 11438 11443 11446 11449 11456 11467 11472 11478 11479 11484 11486 11491 11492 11503 11513 11514 11515 11523 11528 11534 11563 11574 
	}
	weather={
	}
}
