
strategic_region={
	id=241
	name="STRATEGICREGION_241"
	provinces={
		397 468 490 534 818 1086 1201 1367 1646 1693 1806 2071 2303 2481 2756 2856 2997 3012 3024 3289 3613 3684 3729 3790 3827 3983 4049 4097 4554 5151 5405 5433 5478 5559 5568 5573 5621 11266 11267 11270 11284 11313 11320 11333 11339 11341 11358 11359 11360 11370 11375 11384 11392 11408 11409 11410 11416 11417 11418 11421 11434 11435 11439 11440 11441 11447 11450 11451 11457 11458 11468 11473 11480 11481 11485 11487 11488 11493 11494 11498 11499 11509 11510 11516 11517 11524 11525 11535 11536 11546 11553 11558 11564 11581 11587 11588 11597 11598 11599 11621 11625 11626 11627 11641 11660 11676 11684 11695 11709 11723 11724 11785 11841 11875 
	}
	weather={
	}
}
