
strategic_region={
	id=242
	name="STRATEGICREGION_242"
	provinces={
		89 269 320 353 456 779 797 847 974 1005 1006 1105 1280 1384 1452 1977 2005 2692 2861 3187 3200 3270 3648 3878 3894 4256 4285 4289 4305 4498 4545 4570 4628 4823 4990 5269 5504 5533 5560 9839 9852 9874 9875 9907 9921 9922 9930 9944 9964 9965 9966 9968 9981 9996 10002 10003 10022 10023 10044 10060 10069 10079 10080 10100 10111 10120 10121 10130 10131 10137 10138 10149 10155 10163 10185 10186 10197 10198 10199 10218 10232 10233 10259 10273 10286 10300 10315 10340 10341 10347 10362 10381 10384 10393 10401 10416 10422 10426 10440 10453 10454 10472 10485 10486 10497 10503 10506 10510 10524 10525 10532 10567 
	}
	weather={
	}
}
