
strategic_region={
	id=243
	name="STRATEGICREGION_243"
	provinces={
		14 322 377 627 683 712 1107 1155 1308 1361 1445 1464 1467 1562 1783 2088 2323 2646 2681 3231 3269 3449 3517 4082 4101 4377 4426 4638 4669 4794 5321 5335 5829 5970 11728 11729 11737 11745 11746 11765 11766 11811 11828 11829 11830 11865 11866 11867 11877 11889 11890 11895 11907 11908 11922 11923 11928 11935 11936 11943 11944 11949 11969 11984 11985 11986 11999 12000 12001 12002 12030 12040 12050 12051 12052 12053 12069 12093 12103 12104 12105 12110 12118 12119 12131 12138 12146 12149 12159 12160 12175 12180 12181 12187 12208 12209 12218 12239 12240 12258 12266 12283 12305 12334 
	}
	weather={
	}
}
