
strategic_region={
	id=244
	name="STRATEGICREGION_244"
	provinces={
		141 186 192 200 395 406 424 448 455 803 860 980 1091 1255 1468 1657 1792 2608 2688 2826 2838 2906 2930 3032 3330 3374 3395 3482 3629 3657 3767 3817 4059 4252 4255 5144 5236 5537 5574 5718 5875 5924 6000 6010 12013 12062 12063 12094 12132 12150 12164 12165 12170 12188 12189 12196 12199 12203 12210 12222 12223 12228 12229 12234 12241 12247 12248 12253 12254 12264 12265 12274 12275 12277 12284 12290 12293 12298 12306 12309 12310 12313 12314 12316 12321 12331 12332 12335 12336 12337 12339 12340 12341 12342 12344 12349 12352 12353 12356 12357 12360 12361 12362 12365 12369 12370 12373 12377 12379 12384 12385 12388 12391 12392 12395 12398 12402 12405 12406 12410 12411 12412 12415 12425 12426 12427 12429 12430 12432 12442 12443 12448 12452 12454 12457 12461 12464 
	}
	weather={
	}
}
