
strategic_region={
	id=244
	name="STRATEGICREGION_244"
	provinces={
		76 160 183 380 415 464 529 760 771 895 1183 1203 1287 1439 1497 1510 1613 1650 1728 1900 1930 2040 2464 2591 2677 3156 3212 3466 3964 4201 4340 4384 4447 4470 4608 4913 4960 5010 5113 5316 5415 5481 5617 5835 5883 5919 5961 11526 11527 11554 11559 11600 11608 11628 11635 11642 11646 11663 11664 11670 11685 11686 11690 11691 11701 11710 11716 11727 11744 11752 11759 11760 11774 11775 11789 11804 11810 11817 11833 11842 11851 11856 11864 11876 11893 11894 11901 11902 11906 11915 11921 11942 11955 11968 11993 11994 11998 12006 12018 12023 12038 12039 12048 12049 12068 12075 12090 12091 12092 12102 12124 12137 12145 12157 12158 
	}
	weather={
	}
}
