
strategic_region={
	id=244
	name="STRATEGICREGION_244"
	provinces={
		76 160 183 380 397 415 464 468 490 529 534 760 771 818 895 1086 1183 1201 1203 1287 1367 1439 1497 1510 1613 1646 1650 1693 1728 1806 1900 1930 2040 2071 2303 2464 2481 2591 2677 2756 2856 2997 3012 3024 3156 3212 3289 3466 3613 3684 3729 3790 3827 3964 3983 4049 4097 4201 4340 4384 4447 4470 4554 4608 4913 4960 5010 5113 5151 5316 5405 5415 5433 5478 5481 5559 5568 5573 5617 5621 5835 5883 5919 5961 11266 11267 11270 11284 11313 11320 11333 11339 11341 11358 11359 11360 11370 11375 11384 11392 11408 11409 11410 11416 11417 11418 11421 11434 11435 11439 11440 11441 11447 11450 11451 11457 11458 11468 11473 11480 11481 11485 11487 11488 11493 11494 11498 11499 11509 11510 11516 11517 11524 11525 11526 11527 11535 11536 11546 11553 11554 11558 11559 11564 11581 11587 11588 11597 11598 11599 11600 11608 11621 11625 11626 11627 11628 11635 11641 11642 11646 11660 11663 11664 11670 11676 11684 11685 11686 11690 11691 11695 11701 11709 11710 11716 11723 11724 11727 11744 11752 11759 11760 11774 11775 11785 11789 11804 11810 11817 11833 11841 11842 11851 11856 11864 11875 11876 11893 11894 11901 11902 11906 11915 11921 11942 11955 11968 11993 11994 11998 12006 12018 12023 12038 12039 12048 12049 12068 12075 12090 12091 12092 12102 12124 12137 12145 12157 12158 
	}
	weather={
	}
}
