
strategic_region={
	id=246
	name="STRATEGICREGION_246"
	provinces={
		17 118 195 212 255 280 437 493 555 631 634 660 698 766 916 972 1169 1250 1357 1399 1663 1664 1843 1867 1927 1996 2032 2035 2159 2258 2388 2415 2514 2609 2634 2895 2942 2975 3064 3332 3541 3547 3651 3746 3991 4072 4122 4154 4467 4516 4596 4649 4832 4895 5138 5147 5161 5182 5244 5257 5403 5477 5528 5556 5680 5696 5751 5808 5876 6016 6019 6048 6052 6053 6058 6062 6065 6068 6069 6078 6079 6081 6082 6089 6092 6095 6099 6100 6106 6111 6118 6120 6127 6128 6129 6138 6144 6149 6150 6151 6154 6155 6158 6159 6160 6161 6175 6176 6181 6185 6186 6187 6188 6189 6193 6199 6208 6213 6214 6227 6228 6229 6242 6243 6244 6258 6264 6279 6280 6285 6291 6298 6299 6316 6317 6325 6326 6327 6331 6335 6336 6337 6347 6348 6363 6368 6381 6386 6387 6388 6395 6403 6420 6430 6431 6440 6441 6442 6449 6458 6459 6460 6461 6462 6463 6481 6482 6493 6501 6502 6510 6511 6515 6516 6517 6525 6532 6538 6544 6557 6558 6567 6568 6578 6579 6580 6586 6587 6588 6592 6605 6606 6625 6635 6636 6637 6646 6659 6668 6669 6677 6678 6714 6715 6726 6745 6746 6755 6762 6769 6770 6788 6789 6805 6806 6813 6819 6824 6830 6856 6857 6858 6862 6881 6882 6890 6901 6902 6908 6920 6930 6931 6946 6959 6975 6983 6987 6988 6998 7000 
	}
	weather={
	}
}
