
strategic_region={
	id=247
	name="STRATEGICREGION_247"
	provinces={
		310 366 419 610 625 1032 1116 1134 1380 1403 1619 1689 1755 1968 1983 2004 2016 2276 2314 2504 2690 2798 2873 3172 3192 3253 3305 3338 3499 3535 3556 3561 3598 3667 3973 4215 4292 4316 4541 4690 4939 5070 5076 5503 5595 5888 6017 8974 8987 9005 9013 9021 9048 9058 9066 9073 9083 9088 9096 9098 9099 9101 9102 9103 9107 9113 9114 9115 9116 9121 9122 9125 9126 9134 9135 9137 9143 9147 9148 9152 9153 9154 9158 9164 9166 9173 9174 9177 9178 9180 9181 9185 9186 9187 9190 9197 9199 9200 9201 9204 9208 9209 9212 9213 9220 9223 9228 9233 9239 9245 9257 9258 9265 9280 9287 9298 9309 9319 9338 9344 9352 9361 9362 9374 9386 9396 9397 9417 
	}
	weather={
	}
}
