
strategic_region={
	id=248
	name="STRATEGICREGION_248"
	provinces={
		310 366 398 419 610 619 625 1032 1116 1119 1134 1283 1285 1380 1403 1494 1619 1662 1684 1689 1755 1817 1968 1983 2004 2016 2178 2276 2299 2305 2314 2347 2432 2504 2578 2586 2690 2716 2798 2873 2908 2910 3036 3138 3172 3192 3253 3305 3311 3338 3499 3535 3556 3561 3598 3667 3833 3973 4071 4180 4215 4292 4306 4316 4380 4452 4483 4541 4690 4701 4725 4796 4939 5051 5070 5076 5286 5289 5412 5503 5595 5888 6017 8768 8769 8776 8780 8781 8800 8809 8834 8837 8844 8849 8860 8861 8866 8874 8878 8884 8888 8889 8896 8898 8901 8907 8908 8911 8920 8922 8923 8925 8926 8929 8930 8943 8948 8949 8950 8959 8960 8963 8964 8971 8974 8975 8976 8977 8978 8987 8988 8989 8992 8993 9003 9005 9006 9007 9013 9017 9021 9022 9028 9033 9034 9042 9048 9050 9051 9058 9060 9065 9066 9073 9074 9081 9083 9085 9088 9096 9098 9099 9101 9102 9103 9107 9113 9114 9115 9116 9121 9122 9125 9126 9129 9134 9135 9137 9143 9147 9148 9152 9153 9154 9158 9164 9166 9173 9174 9177 9178 9180 9181 9185 9186 9187 9190 9197 9199 9200 9201 9204 9208 9209 9212 9213 9220 9223 9228 9233 9239 9245 9257 9258 9265 9280 9287 9298 9309 9319 9338 9344 9352 9361 9362 9374 9386 9396 9397 9417 
	}
	weather={
	}
}
