
strategic_region={
	id=249
	name="STRATEGICREGION_249"
	provinces={
		283 687 758 1049 1050 1417 1687 1711 2140 2313 2358 2660 2725 2822 2886 2928 3094 3303 3527 3623 3644 3781 3933 4042 4083 4274 4550 4954 5075 5090 5097 5189 5234 5268 5317 5518 5672 5774 6024 7940 7945 7946 7952 7973 7992 7993 8006 8010 8018 8030 8036 8037 8058 8066 8072 8077 8110 8111 8118 8123 8132 8135 8151 8157 8158 8159 8160 8161 8175 8179 8184 8185 8186 8206 8207 8208 8209 8225 8231 8232 8233 8255 8256 8257 8258 8265 8277 8278 8281 8282 8283 8328 8329 8335 8336 8376 8387 8396 8426 8431 8452 8453 8475 
	}
	weather={
	}
}
