
strategic_region={
	id=250
	name="STRATEGICREGION_250"
	provinces={
		283 385 411 416 507 565 582 585 687 758 943 1049 1050 1062 1372 1388 1409 1417 1523 1594 1687 1711 1815 1877 1932 1943 1966 2103 2140 2229 2239 2309 2313 2358 2543 2660 2725 2764 2793 2822 2886 2928 3025 3052 3094 3260 3303 3468 3527 3539 3623 3644 3781 3819 3933 4003 4011 4042 4083 4160 4211 4274 4387 4419 4527 4550 4567 4822 4931 4954 5003 5043 5075 5090 5097 5189 5234 5268 5317 5409 5462 5518 5526 5672 5774 6024 7940 7945 7946 7952 7973 7992 7993 8006 8010 8018 8030 8036 8037 8058 8066 8072 8077 8110 8111 8118 8123 8132 8135 8151 8157 8158 8159 8160 8161 8175 8179 8184 8185 8186 8206 8207 8208 8209 8225 8231 8232 8233 8255 8256 8257 8258 8265 8277 8278 8281 8282 8283 8293 8308 8327 8328 8329 8335 8336 8342 8343 8356 8376 8377 8385 8386 8387 8394 8395 8396 8419 8425 8426 8429 8430 8431 8439 8444 8452 8453 8466 8475 8478 8486 8493 8502 8511 8519 8536 8537 8541 8554 8560 8561 8562 8569 8578 8579 8586 8593 8594 8609 8610 8622 8629 8630 8631 8632 8633 8647 8653 8672 8673 8677 8683 8684 8689 8695 8696 8716 8717 8725 8731 8733 8739 8740 8746 8751 8767 8775 8786 8787 8788 8799 8816 8819 8823 8828 8829 8833 8843 8859 8865 8873 
	}
	weather={
	}
}
