
strategic_region={
	id=252
	name="STRATEGICREGION_252"
	provinces={
		297 560 672 791 819 1020 1089 1156 1530 1568 1769 1868 1886 1956 2251 2671 2899 3051 3202 3571 3662 3876 3935 4028 4060 4213 4816 4917 4969 5370 5638 5743 5747 5778 16205 16206 16210 16220 16227 16233 16238 16239 16245 16246 16256 16257 16260 16266 16270 16271 16272 16287 16288 16292 16299 16305 16306 16311 16316 16317 16318 16319 16322 16325 16328 16329 16332 16333 16338 16345 16353 16357 16363 16364 16365 16373 16379 16383 16384 16386 16387 16391 16392 16393 16394 16399 16406 16407 16408 16415 16416 16417 16418 16419 16420 16422 16430 16432 16433 16434 16435 16450 16456 16458 16459 16463 16468 16473 16480 16483 16484 16485 16491 16495 16501 16553 16587 
	}
	weather={
	}
}
