
strategic_region={
	id=253
	name="STRATEGICREGION_253"
	provinces={
		220 559 757 935 1457 1710 1734 1888 2069 2181 2342 2461 2589 2656 2723 2859 3043 3229 3245 3272 3501 3540 3586 3699 3793 3823 3946 4099 4227 4587 4777 4905 4972 5073 5179 5190 5224 5280 5313 5439 5557 5558 5757 16405 16437 16443 16466 16467 16479 16490 16494 16511 16512 16516 16521 16527 16528 16548 16549 16550 16565 16566 16567 16574 16575 16596 16597 16598 16615 16619 16620 16621 16628 16629 16642 16643 16646 16647 16648 16654 16662 16670 16671 16674 16675 16676 16692 16693 16698 16699 16711 16718 16719 16720 16721 16733 16734 16742 16743 16744 16745 16773 16783 16784 16785 16790 16791 16810 16829 16832 16839 16858 16859 16860 16867 16878 16880 16901 16920 16925 16931 16947 
	}
	weather={
	}
}
