
strategic_region={
	id=254
	name="STRATEGICREGION_254"
	provinces={
		24 188 248 257 446 651 780 1435 1556 1563 1863 2123 2328 2508 2561 2652 2726 2748 3027 3046 3085 3140 3243 3250 3293 3331 3739 3808 4054 4076 4132 4556 4743 4919 5299 5311 5339 5386 5700 5787 10927 10933 10934 10945 10963 10964 10984 10985 10989 11003 11012 11018 11020 11024 11034 11046 11052 11056 11057 11065 11075 11080 11084 11086 11087 11089 11090 11098 11104 11105 11108 11111 11117 11118 11119 11120 11124 11125 11131 11135 11147 11148 11149 11155 11156 11163 11164 11167 11180 11183 11187 11188 11189 11192 11208 11215 11216 11217 11223 11228 11234 11242 11246 11247 11248 11252 11253 11261 11272 11273 11282 11297 11298 11319 11324 11325 11332 11336 11346 11356 11368 
	}
	weather={
	}
}
