
strategic_region={
	id=255
	name="STRATEGICREGION_255"
	provinces={
		24 117 165 188 248 257 317 446 528 651 780 930 953 973 1004 1036 1053 1076 1243 1408 1435 1470 1556 1563 1779 1850 1863 2028 2123 2227 2328 2390 2508 2561 2652 2726 2735 2748 3027 3045 3046 3085 3140 3243 3250 3293 3331 3460 3566 3593 3721 3739 3808 4054 4076 4132 4162 4350 4352 4534 4556 4674 4743 4919 5034 5171 5292 5299 5311 5339 5386 5453 5525 5597 5700 5787 5852 10513 10514 10523 10540 10542 10551 10552 10553 10566 10574 10581 10582 10587 10595 10602 10614 10615 10640 10641 10646 10649 10650 10670 10671 10679 10684 10692 10693 10698 10699 10731 10732 10733 10734 10748 10749 10766 10774 10782 10783 10790 10800 10801 10806 10807 10817 10826 10827 10832 10833 10847 10848 10856 10862 10869 10875 10887 10888 10889 10890 10906 10914 10915 10921 10927 10933 10934 10935 10936 10945 10958 10963 10964 10973 10984 10985 10989 10991 10992 11003 11004 11012 11018 11019 11020 11023 11024 11026 11034 11046 11047 11052 11053 11056 11057 11065 11075 11080 11084 11086 11087 11089 11090 11098 11104 11105 11108 11111 11117 11118 11119 11120 11124 11125 11131 11135 11147 11148 11149 11155 11156 11163 11164 11167 11180 11183 11187 11188 11189 11192 11208 11215 11216 11217 11223 11228 11234 11242 11246 11247 11248 11252 11253 11261 11272 11273 11282 11297 11298 11319 11324 11325 11332 11336 11346 11356 11368 
	}
	weather={
	}
}
