
strategic_region={
	id=256
	name="STRATEGICREGION_256"
	provinces={
		80 100 308 436 489 541 548 603 914 1042 1260 1343 1352 1395 1855 1872 2006 2166 2275 2499 2538 2720 2750 2751 2882 3067 3114 3137 3611 3649 3653 3852 3858 4152 4245 4271 4300 4499 4563 4620 4682 4779 4831 4854 5082 5093 5105 5109 5197 5723 5806 14055 14074 14075 14086 14087 14091 14099 14105 14107 14109 14112 14116 14117 14129 14130 14132 14136 14141 14143 14146 14148 14149 14151 14157 14159 14163 14164 14165 14168 14170 14171 14174 14175 14176 14177 14180 14181 14183 14184 14186 14187 14190 14191 14192 14193 14194 14198 14199 14202 14205 14208 14209 14211 14212 14215 14217 14220 14221 14222 14224 14225 14229 14233 14234 14235 14236 14241 14243 14244 14245 14248 14252 14254 14258 14260 14261 14264 14267 14268 14271 14273 14274 14281 14284 14285 14289 14291 
	}
	weather={
	}
}
