
strategic_region={
	id=257
	name="STRATEGICREGION_257"
	provinces={
		3 80 100 308 319 436 489 541 548 551 603 914 944 1042 1154 1164 1174 1207 1224 1260 1343 1352 1395 1421 1654 1855 1872 1934 2006 2166 2275 2475 2491 2499 2518 2538 2720 2721 2750 2751 2827 2882 3066 3067 3103 3114 3137 3611 3649 3653 3852 3858 3906 3989 4022 4125 4152 4245 4258 4271 4300 4465 4499 4563 4620 4682 4779 4831 4854 4885 4903 5082 5093 5105 5109 5197 5459 5607 5723 5806 5928 6021 13992 13993 13994 13995 13996 13997 13998 13999 14002 14003 14005 14006 14008 14009 14010 14015 14016 14017 14019 14023 14025 14026 14028 14029 14033 14034 14035 14036 14037 14038 14040 14044 14045 14047 14049 14051 14052 14055 14056 14059 14060 14061 14062 14063 14067 14068 14069 14070 14073 14074 14075 14080 14081 14082 14083 14084 14086 14087 14091 14092 14093 14095 14097 14099 14100 14105 14106 14107 14109 14110 14112 14115 14116 14117 14125 14126 14129 14130 14131 14132 14136 14141 14143 14144 14146 14148 14149 14151 14154 14155 14157 14159 14163 14164 14165 14168 14170 14171 14174 14175 14176 14177 14180 14181 14183 14184 14186 14187 14190 14191 14192 14193 14194 14198 14199 14202 14205 14208 14209 14211 14212 14215 14217 14220 14221 14222 14224 14225 14229 14233 14234 14235 14236 14241 14243 14244 14245 14248 14252 14254 14258 14260 14261 14264 14267 14268 14271 14273 14274 14281 14284 14285 14289 14291 
	}
	weather={
	}
}
