
strategic_region={
	id=258
	name="STRATEGICREGION_258"
	provinces={
		180 242 262 267 575 596 772 784 804 1109 1187 1368 1524 1782 2157 2209 2284 2341 2355 2384 2500 2572 2843 2845 2978 3125 3239 3342 3351 3737 3745 3783 3928 3939 4030 4050 4247 4362 4813 4980 5049 5185 5242 5334 5590 9489 9500 9551 9559 9585 9614 9630 9651 9659 9680 9681 9682 9687 9705 9735 9743 9744 9752 9763 9764 9765 9793 9794 9795 9805 9806 9807 9825 9826 9832 9833 9838 9842 9851 9863 9894 9895 9896 9897 9898 9951 9963 9978 9979 9980 9987 10012 10013 10021 10032 10033 10043 10050 10051 10059 10091 10092 10093 10109 10110 10118 10119 10129 10136 10161 10162 10169 10184 10210 10217 10231 10238 10239 10271 10272 10306 10325 10337 10338 
	}
	weather={
	}
}
