
strategic_region={
	id=259
	name="STRATEGICREGION_259"
	provinces={
		139 150 484 663 694 1466 1958 2042 2087 2174 2206 2443 2789 2890 3091 3150 3167 3189 3398 3622 4053 4286 4466 5191 5226 5241 5274 5414 5424 5697 5728 5857 5915 5918 5971 5980 9193 9196 9203 9211 9222 9227 9244 9249 9253 9256 9263 9264 9268 9275 9286 9292 9297 9305 9306 9307 9308 9342 9343 9358 9359 9360 9385 9390 9391 9395 9403 9404 9405 9426 9427 9428 9435 9436 9442 9443 9454 9455 9456 9464 9481 9488 9498 9499 9509 9525 9532 9533 9534 9543 9550 9557 9558 9569 9604 9605 9612 9613 9619 9652 9660 9665 9671 9672 9706 9711 9712 9717 9736 9751 9785 
	}
	weather={
	}
}
