
strategic_region={
	id=260
	name="STRATEGICREGION_260"
	provinces={
		20 187 247 284 525 549 734 859 1073 1235 1379 1592 1777 2122 2218 2244 2376 2452 2699 3142 3702 3807 3848 3851 3864 4056 4103 4581 4613 4694 4720 4926 5059 5095 5388 5458 5562 5891 17331 17338 17341 17344 17347 17348 17356 17366 17367 17369 17370 17376 17384 17386 17393 17394 17398 17400 17403 17415 17420 17423 17424 17425 17433 17434 17436 17437 17450 17451 17452 17453 17454 17461 17465 17466 17470 17471 17472 17478 17485 17488 17489 17490 17498 17502 17505 17506 17511 17526 17533 17544 17549 17554 17562 17563 17564 17577 17595 17596 17619 17620 17626 17633 17652 17658 17663 17682 17693 17694 17711 17722 17723 17728 17729 17735 17736 17738 17744 17751 17768 17769 17779 17786 17792 17810 17823 17824 17845 17856 17875 
	}
	weather={
	}
}
