
strategic_region={
	id=261
	name="STRATEGICREGION_261"
	provinces={
		268 504 643 918 1026 1254 1394 1459 1553 1741 2009 2476 2615 3185 3204 3621 4040 4197 4875 4945 5100 5101 5605 5671 5805 5809 17507 17539 17545 17546 17570 17578 17583 17588 17600 17610 17611 17624 17625 17627 17628 17634 17643 17662 17664 17665 17672 17687 17709 17710 17712 17717 17750 17755 17756 17762 17780 17787 17801 17804 17805 17811 17830 17834 17838 17844 17850 17867 17868 17876 17881 17882 17887 17888 17889 17890 17899 17903 17904 17907 17908 17913 17914 17918 17921 17922 17925 17927 17932 17933 17938 17940 17950 17954 17962 17963 17964 17966 17969 17970 17978 17984 17987 17991 17992 18007 18013 18019 
	}
	weather={
	}
}
