
strategic_region={
	id=262
	name="STRATEGICREGION_262"
	provinces={
		16 218 405 736 1040 1293 1325 1398 1736 1772 1857 2002 2030 2233 2325 2348 2460 3095 3386 3490 3528 4016 4019 4167 4226 4323 4354 4631 4662 4675 4735 4740 4861 4965 4988 5193 5364 5421 5927 14421 14424 14425 14430 14431 14437 14440 14444 14446 14449 14451 14457 14458 14464 14465 14466 14467 14472 14477 14478 14479 14480 14481 14484 14487 14490 14493 14497 14498 14499 14503 14504 14510 14514 14517 14518 14519 14521 14528 14530 14533 14534 14539 14541 14548 14549 14552 14559 14562 14567 14570 14571 14575 14576 14581 14582 14586 14587 14591 14594 14598 14601 14602 14609 14610 14611 14618 14621 14622 14628 14630 14638 14647 
	}
	weather={
	}
}
