
strategic_region={
	id=263
	name="STRATEGICREGION_263"
	provinces={
		5 16 218 305 405 547 571 609 622 736 1040 1112 1242 1249 1293 1325 1398 1426 1427 1443 1672 1736 1772 1844 1857 2002 2030 2167 2233 2325 2348 2460 2548 2577 2661 2712 3005 3015 3095 3280 3386 3437 3459 3490 3528 3731 3788 3877 4016 4019 4167 4206 4226 4235 4293 4323 4354 4399 4492 4599 4631 4662 4675 4677 4735 4740 4798 4861 4923 4965 4988 4989 5013 5165 5193 5261 5364 5421 5508 5584 5682 5749 5927 5995 6001 14421 14424 14425 14430 14431 14437 14440 14444 14446 14449 14451 14457 14458 14464 14465 14466 14467 14472 14477 14478 14479 14480 14481 14484 14487 14490 14493 14497 14498 14499 14503 14504 14510 14514 14517 14518 14519 14521 14528 14530 14533 14534 14539 14541 14542 14548 14549 14552 14555 14557 14559 14562 14563 14567 14570 14571 14572 14575 14576 14581 14582 14584 14586 14587 14588 14591 14592 14594 14598 14599 14601 14602 14606 14607 14609 14610 14611 14612 14618 14619 14621 14622 14623 14627 14628 14630 14631 14632 14634 14637 14638 14640 14642 14643 14647 14650 14651 14653 14654 14655 14658 14660 14664 14668 14671 14672 14673 14674 14675 14676 14680 14683 14685 14688 14689 14690 14691 14695 14696 14697 14698 14703 14705 14706 14707 14711 14716 14717 14719 14720 14723 14724 14725 14726 14727 14730 14732 14735 14736 14737 14739 14742 
	}
	weather={
	}
}
