
strategic_region={
	id=264
	name="STRATEGICREGION_264"
	provinces={
		8 306 321 367 379 580 690 768 839 965 1025 1333 1486 1595 2450 2530 2714 3006 3402 3410 3663 3685 3940 4010 4118 4128 4136 4353 4357 4396 4666 4888 5106 5168 5204 5227 5594 5644 5861 5866 17354 17355 17360 17363 17365 17375 17382 17383 17385 17390 17391 17392 17399 17405 17406 17409 17413 17414 17419 17432 17440 17441 17442 17459 17460 17464 17469 17476 17477 17480 17496 17497 17501 17510 17515 17516 17521 17525 17530 17531 17532 17538 17542 17543 17553 17574 17575 17576 17586 17587 17590 17592 17593 17599 17605 17608 17617 17618 17623 17632 17636 17640 17646 17648 17649 17650 17657 17661 17670 17671 17675 17680 17685 17691 17698 17699 17703 17704 17708 17716 17721 17737 17742 17743 17747 17760 17766 17774 17785 17791 17815 17816 17832 17852 17853 17892 
	}
	weather={
	}
}
