
strategic_region={
	id=265
	name="STRATEGICREGION_265"
	provinces={
		185 215 238 474 692 926 939 1322 1458 1617 2778 2795 2964 3180 3558 3579 3795 3803 3822 4221 4356 4489 4806 4918 5120 5314 5664 5719 5951 5959 6028 17569 17594 17609 17641 17651 17681 17686 17692 17705 17726 17727 17734 17748 17749 17761 17767 17775 17778 17798 17799 17800 17803 17809 17817 17818 17829 17833 17836 17837 17843 17848 17849 17854 17855 17861 17862 17866 17872 17880 17886 17893 17894 17895 17898 17902 17912 17916 17917 17920 17924 17930 17931 17939 17947 17948 17949 17957 17958 17959 17960 17961 17965 17972 17976 17977 17986 17990 17999 18000 18001 18006 18010 18012 18015 18018 
	}
	weather={
	}
}
