
strategic_region={
	id=266
	name="STRATEGICREGION_266"
	provinces={
		193 515 1008 1074 1488 1513 1610 1898 2072 2265 2281 2393 2455 2563 2700 2934 3165 3224 3257 3378 3495 3719 3957 4068 4130 4263 4343 4453 4583 4998 5150 5258 5744 8682 8688 8694 8737 8738 8749 8772 8778 8785 8796 8797 8804 8821 8825 8826 8827 8847 8853 8856 8857 8864 8881 8882 8887 8893 8894 8900 8910 8915 8916 8919 8934 8935 8936 8940 8941 8942 8947 8953 8954 8962 8968 8969 8973 8981 8984 8985 8986 8991 8996 8997 8999 9000 9002 9008 9009 9010 9012 9016 9025 9026 9027 9036 9041 9047 9054 9059 9064 9072 9077 9078 9095 9100 
	}
	weather={
	}
}
