
strategic_region={
	id=267
	name="STRATEGICREGION_267"
	provinces={
		138 545 805 1008 1038 1061 1077 1088 1162 1264 1337 1610 1700 1725 1786 1821 1972 2136 2265 2847 2936 3350 3379 3727 4473 4517 4591 4651 5041 5368 5668 5816 5825 8324 8334 8361 8374 8392 8393 8405 8409 8424 8428 8436 8437 8438 8465 8474 8476 8477 8479 8485 8499 8500 8501 8509 8510 8518 8522 8523 8527 8528 8535 8551 8552 8553 8559 8567 8568 8577 8584 8585 8591 8592 8598 8599 8600 8608 8620 8621 8628 8640 8646 8660 8661 8670 8671 8675 8682 8688 8694 8708 8715 8729 8730 8737 8738 8750 8758 8762 8766 8772 8778 8779 8791 8805 8814 8832 8841 8854 8858 8883 
	}
	weather={
	}
}
