
strategic_region={
	id=267
	name="STRATEGICREGION_267"
	provinces={
		138 193 515 545 805 936 1008 1038 1061 1074 1077 1088 1162 1264 1337 1422 1488 1513 1546 1610 1700 1725 1786 1821 1898 1972 2072 2136 2265 2281 2393 2455 2563 2604 2700 2819 2847 2934 2936 3165 3224 3257 3350 3366 3378 3379 3495 3719 3727 3957 4068 4130 4170 4209 4263 4343 4453 4473 4517 4583 4591 4651 4998 5041 5150 5258 5368 5454 5668 5744 5816 5823 5825 5865 8324 8334 8361 8374 8392 8393 8405 8409 8424 8428 8436 8437 8438 8465 8474 8476 8477 8479 8485 8499 8500 8501 8509 8510 8518 8522 8523 8527 8528 8535 8551 8552 8553 8559 8567 8568 8577 8584 8585 8591 8592 8598 8599 8600 8608 8620 8621 8628 8640 8646 8660 8661 8670 8671 8675 8676 8682 8688 8694 8701 8708 8715 8729 8730 8737 8738 8745 8749 8750 8758 8762 8766 8772 8773 8774 8778 8779 8785 8791 8792 8796 8797 8798 8804 8805 8814 8815 8821 8822 8825 8826 8827 8832 8841 8842 8847 8848 8853 8854 8855 8856 8857 8858 8864 8872 8877 8881 8882 8883 8887 8893 8894 8895 8900 8906 8910 8915 8916 8919 8934 8935 8936 8940 8941 8942 8947 8953 8954 8955 8962 8968 8969 8970 8973 8981 8984 8985 8986 8991 8996 8997 8999 9000 9002 9008 9009 9010 9012 9016 9025 9026 9027 9036 9041 9047 9054 9059 9064 9072 9077 9078 9095 9100 
	}
	weather={
	}
}
