
strategic_region={
	id=268
	name="STRATEGICREGION_268"
	provinces={
		87 360 404 523 552 673 857 1167 1196 1246 1273 1318 1402 1545 1624 1661 1809 1897 2141 2643 3161 3225 3251 3276 3300 3519 3634 3636 3818 4065 4203 4232 4463 4641 4653 5129 5130 5340 5393 5550 5727 5748 5860 5870 14792 14793 14795 14801 14802 14804 14807 14810 14812 14816 14818 14819 14820 14821 14822 14824 14825 14826 14827 14828 14829 14830 14831 14832 14833 14834 14835 14836 14837 14838 14839 14840 14841 14842 14843 14844 14845 14846 14847 14848 14849 14850 14851 14852 14853 14854 14855 14856 14857 14858 14859 14860 14861 14862 14863 14864 14865 14866 14867 14868 14869 14870 14871 14872 14873 14874 14875 14876 
	}
	weather={
	}
}
