
strategic_region={
	id=269
	name="STRATEGICREGION_269"
	provinces={
		55 57 191 277 303 421 674 681 789 1014 1152 1218 1411 1455 2139 2162 2191 2221 2419 2525 2534 2810 2893 3129 3369 3536 3603 3831 4007 4031 4093 4291 4385 4471 4661 4836 4883 4951 5170 5256 5320 5357 5499 5581 5655 5855 14744 14745 14746 14747 14748 14749 14750 14751 14752 14753 14754 14755 14756 14757 14758 14759 14760 14761 14762 14763 14764 14765 14766 14767 14768 14769 14770 14771 14772 14773 14774 14775 14776 14777 14778 14779 14780 14781 14782 14783 14784 14785 14786 14787 14788 14789 14790 14791 14794 14796 14797 14798 14799 14800 14803 14805 14806 14808 14809 14813 14815 14823 
	}
	weather={
	}
}
