
strategic_region={
	id=269
	name="STRATEGICREGION_269"
	provinces={
		55 57 87 191 277 303 360 404 421 523 552 673 674 681 789 793 857 1014 1152 1167 1196 1218 1246 1273 1318 1402 1411 1455 1545 1624 1661 1809 1897 2139 2141 2162 2191 2221 2419 2525 2534 2643 2810 2893 3129 3161 3225 3251 3276 3300 3369 3519 3536 3603 3634 3636 3818 3831 4007 4031 4065 4093 4203 4232 4291 4385 4463 4471 4641 4653 4661 4836 4883 4951 5031 5129 5130 5170 5256 5320 5340 5357 5393 5499 5550 5581 5655 5727 5748 5855 5860 5870 14744 14745 14746 14747 14748 14749 14750 14751 14752 14753 14754 14755 14756 14757 14758 14759 14760 14761 14762 14763 14764 14765 14766 14767 14768 14769 14770 14771 14772 14773 14774 14775 14776 14777 14778 14779 14780 14781 14782 14783 14784 14785 14786 14787 14788 14789 14790 14791 14792 14793 14794 14795 14796 14797 14798 14799 14800 14801 14802 14803 14804 14805 14806 14807 14808 14809 14810 14811 14812 14813 14814 14815 14816 14817 14818 14819 14820 14821 14822 14823 14824 14825 14826 14827 14828 14829 14830 14831 14832 14833 14834 14835 14836 14837 14838 14839 14840 14841 14842 14843 14844 14845 14846 14847 14848 14849 14850 14851 14852 14853 14854 14855 14856 14857 14858 14859 14860 14861 14862 14863 14864 14865 14866 14867 14868 14869 14870 14871 14872 14873 14874 14875 14876 
	}
	weather={
	}
}
