
strategic_region={
	id=270
	name="STRATEGICREGION_270"
	provinces={
		26 65 396 577 592 703 887 1222 1350 1649 1800 1917 2106 2110 2184 2210 2228 2296 2457 2503 2791 2804 2837 2872 2979 3107 3201 3295 3436 3454 3631 3676 3714 4067 4375 4864 5435 5443 5490 5742 5827 5846 5991 17653 17673 17677 17695 17700 17718 17730 17739 17757 17758 17777 17781 17782 17783 17788 17793 17795 17806 17819 17820 17821 17825 17826 17827 17835 17839 17840 17851 17857 17858 17859 17860 17863 17864 17877 17878 17879 17883 17884 17896 17897 17900 17905 17909 17910 17915 17919 17928 17934 17935 17936 17937 17941 17942 17943 17951 17955 17971 17973 17974 17979 17980 17981 17985 17988 17993 17994 17995 17996 17997 18003 18005 18008 18009 18011 18014 18016 18024 18025 18026 18027 18028 18029 18031 18033 18034 18035 18036 18037 18038 18039 
	}
	weather={
	}
}
