
strategic_region={
	id=271
	name="STRATEGICREGION_271"
	provinces={
		1 400 827 838 1241 1518 1525 1542 1750 1771 1775 2091 2487 2571 2759 2931 3062 3238 3510 3524 3872 4033 4450 4495 4568 4803 4887 4974 5001 5062 5139 5255 5397 5416 5734 5939 5944 17401 17407 17410 17426 17435 17443 17447 17448 17473 17474 17479 17481 17486 17491 17499 17512 17517 17518 17522 17527 17534 17540 17550 17555 17556 17558 17559 17565 17571 17572 17579 17584 17597 17601 17606 17612 17613 17614 17621 17637 17638 17644 17647 17654 17655 17666 17674 17676 17683 17688 17689 17696 17713 17714 17719 17724 17731 17732 17752 17759 17770 17776 17794 17812 
	}
	weather={
	}
}
