
strategic_region={
	id=272
	name="STRATEGICREGION_272"
	provinces={
		197 273 813 1043 1374 1381 1723 1909 2099 2224 2430 2648 2711 2736 2776 3034 3056 3505 3543 3711 3785 3829 4147 4187 4192 4222 4267 4370 4648 4667 4748 4793 4970 4973 4993 5442 5570 5683 5905 9339 9345 9363 9375 9398 9406 9407 9408 9412 9418 9444 9448 9449 9465 9466 9473 9474 9482 9493 9526 9527 9535 9536 9537 9538 9544 9552 9577 9581 9582 9586 9587 9588 9589 9598 9599 9620 9631 9637 9638 9639 9645 9653 9683 9688 9689 9690 9699 9700 9713 9718 9737 9766 9796 9797 9798 9799 9843 9899 9923 9946 9983 10024 
	}
	weather={
	}
}
