
strategic_region={
	id=273
	name="STRATEGICREGION_273"
	provinces={
		6 33 182 197 203 273 336 363 494 689 790 813 948 1043 1253 1374 1381 1456 1602 1723 1814 1909 1924 2033 2085 2099 2132 2176 2182 2224 2430 2485 2580 2648 2659 2711 2736 2753 2776 2983 3034 3056 3065 3159 3171 3181 3505 3526 3533 3543 3711 3785 3829 3866 4064 4147 4155 4187 4192 4222 4267 4330 4370 4430 4553 4632 4648 4667 4748 4793 4807 4901 4970 4973 4985 4993 5011 5327 5442 5570 5683 5843 5901 5905 5960 9339 9345 9363 9375 9398 9406 9407 9408 9412 9418 9444 9448 9449 9465 9466 9473 9474 9482 9493 9526 9527 9535 9536 9537 9538 9544 9552 9577 9581 9582 9586 9587 9588 9589 9598 9599 9620 9631 9637 9638 9639 9645 9653 9683 9688 9689 9690 9699 9700 9713 9718 9737 9766 9778 9796 9797 9798 9799 9808 9815 9840 9843 9853 9854 9865 9866 9867 9876 9899 9908 9923 9931 9932 9945 9946 9969 9982 9983 10004 10014 10024 10034 10035 10052 10070 10081 10082 10083 10094 10101 10102 10122 10132 10133 10140 10150 10156 10157 10164 10165 10170 10171 10187 10188 10200 10205 10211 10219 10220 10234 10243 10244 10245 10246 10275 10287 10301 10302 10303 10307 10316 10343 10344 10348 10349 10356 10357 10363 10373 10385 10388 10395 10408 10418 10427 10428 10437 10446 10447 10455 10456 10464 10468 10473 10476 10480 10489 10490 
	}
	weather={
	}
}
