
strategic_region={
	id=274
	name="STRATEGICREGION_274"
	provinces={
		29 31 228 253 258 278 496 653 754 1092 1138 1516 1851 1905 2026 2286 2524 2537 2629 2696 2706 3028 3345 3542 3576 3670 3751 3756 3915 4150 4157 4314 4372 4505 4616 4726 4757 4866 4872 4915 5077 5175 5231 5399 5609 5783 5906 5911 10923 10941 10974 10986 10987 11014 11015 11016 11050 11051 11055 11066 11073 11074 11085 11091 11092 11093 11094 11095 11101 11106 11107 11113 11122 11123 11128 11132 11138 11139 11145 11151 11152 11153 11158 11159 11170 11175 11177 11181 11184 11185 11191 11198 11203 11206 11209 11212 11213 11219 11220 11225 11231 11237 11244 11249 11256 11257 11263 11268 11275 11285 11300 11307 11314 11315 11327 11328 11342 11343 11353 11354 11376 11379 11385 11386 11395 
	}
	weather={
	}
}
