
strategic_region={
	id=275
	name="STRATEGICREGION_275"
	provinces={
		46 85 106 471 1124 1179 1274 1474 1493 1634 1768 1790 1799 1973 2263 2402 2655 2718 3075 3364 3413 3493 3635 3777 4278 4405 4409 4595 4692 5115 5117 5300 5306 5451 5492 5803 5975 10554 10563 10576 10588 10598 10616 10617 10627 10628 10647 10657 10673 10681 10682 10700 10701 10706 10714 10750 10755 10756 10768 10795 10796 10803 10808 10809 10810 10811 10818 10835 10836 10845 10846 10851 10857 10865 10866 10870 10877 10884 10896 10897 10900 10909 10916 10924 10928 10946 10947 10948 10951 10955 10967 10982 10990 10997 10998 10999 11031 11036 11037 11038 11059 11064 11067 11096 11129 11160 
	}
	weather={
	}
}
