
strategic_region={
	id=277
	name="STRATEGICREGION_277"
	provinces={
		328 414 500 656 900 1030 1054 1140 1272 1276 1712 1784 1839 2143 2180 2616 2741 2894 2923 3284 3387 3470 3554 3616 3759 3867 4002 4345 4699 4702 4732 5564 5834 16334 16340 16343 16346 16354 16358 16359 16360 16366 16369 16374 16375 16380 16385 16388 16389 16396 16400 16404 16409 16410 16411 16412 16413 16421 16423 16426 16436 16438 16439 16444 16451 16452 16460 16461 16469 16470 16476 16477 16486 16487 16496 16497 16502 16503 16505 16506 16517 16522 16529 16538 16539 16544 16551 16576 16577 16580 16588 16589 16592 16602 16616 
	}
	weather={
	}
}
