
strategic_region={
	id=278
	name="STRATEGICREGION_278"
	provinces={
		146 564 764 947 1010 1451 1515 1674 1767 1908 2226 2449 2483 2565 2647 3708 3710 4085 4236 4458 4522 4852 4996 5061 5283 5349 5365 5520 5938 5957 16440 16441 16453 16454 16464 16489 16492 16513 16518 16523 16524 16540 16554 16555 16571 16583 16584 16606 16607 16608 16609 16618 16624 16632 16637 16638 16644 16649 16655 16656 16665 16666 16673 16686 16690 16694 16695 16696 16706 16727 16732 16736 16737 16746 16747 16780 16798 16803 16814 16820 16821 16830 16841 16842 16843 16853 16869 16875 16879 16882 16888 16899 16903 16913 16917 16926 16951 
	}
	weather={
	}
}
