
strategic_region={
	id=279
	name="STRATEGICREGION_279"
	provinces={
		47 174 372 388 389 391 442 615 807 1220 1247 1847 1866 1953 2171 2248 2290 2306 2715 2995 3053 3294 3500 3530 3748 3761 3931 4242 4348 4383 4578 4739 4742 4758 4795 4882 4936 4942 5460 5714 5929 7812 7820 7849 7865 7884 7891 7899 7903 7911 7924 7926 7938 7939 7956 7969 7971 7972 7979 7980 7999 8004 8005 8009 8016 8017 8026 8027 8033 8034 8035 8045 8052 8053 8065 8071 8075 8076 8084 8088 8089 8094 8101 8109 8117 8122 8131 8140 8141 8150 8168 8172 8173 8174 8192 8200 8201 8202 8204 8205 8216 8222 8223 8224 8248 8254 8264 8268 8275 8276 8292 8299 8306 8317 8325 8326 8354 8355 8375 8383 8384 8410 8411 
	}
	weather={
	}
}
