
strategic_region={
	id=279
	name="STRATEGICREGION_279"
	provinces={
		43 67 341 745 824 961 1023 1238 1323 1895 2190 2211 2271 2378 2381 2410 2630 2668 2860 3259 3677 3749 3847 3903 4063 4391 4625 4626 4685 4704 4745 4898 4962 5063 5276 5312 5428 5510 5606 5786 6034 10346 10361 10382 10389 10390 10407 10412 10425 10444 10451 10461 10475 10479 10483 10484 10495 10496 10501 10502 10505 10518 10522 10530 10531 10538 10539 10541 10559 10560 10561 10562 10572 10573 10580 10586 10593 10594 10600 10601 10607 10608 10609 10613 10624 10632 10633 10639 10645 10660 10668 10669 10677 10678 10683 10689 10690 10691 10705 10720 10721 10722 10730 10741 10754 10757 10773 10781 10787 10788 10789 10799 10816 10830 10831 10841 10854 10855 10861 10874 10882 10886 10893 10912 10913 10926 10931 10932 10957 10970 10971 10972 
	}
	weather={
	}
}
