
strategic_region={
	id=280
	name="STRATEGICREGION_280"
	provinces={
		79 102 316 392 855 894 958 962 1120 1345 1506 1555 1721 1773 1892 2063 2183 2204 2216 2217 3108 3135 3175 3417 3422 3464 3668 4303 4408 4411 4533 4585 4681 4871 5039 5209 5295 5426 5862 9888 9889 9906 9913 9914 9941 9967 9974 9975 9976 9999 10008 10009 10041 10049 10066 10067 10089 10090 10146 10152 10153 10178 10179 10203 10213 10214 10237 10256 10257 10270 10281 10282 10283 10284 10285 10297 10298 10299 10314 10320 10335 10336 10355 10369 10370 10380 10387 10391 10400 10413 10414 10421 10432 10435 10462 10463 10467 10475 10479 10547 
	}
	weather={
	}
}
