
strategic_region={
	id=281
	name="STRATEGICREGION_281"
	provinces={	13 30 121 241 281 412 422 451 561 624 708 718 846 952 978 985 1031 1096 1098 1192 1205 1221 1257 1358 1423 1503 1538 1752 1861 1896 1918 1994 2064 2201 2267 2269 2278 2368 2433 2473 2484 2532 2568 2704 2738 2762 2794 2878 3008 3077 3089 3132 3217 3306 3348 3424 3772 3779 3805 4182 4233 4606 4767 4873 4987 5142 5371 5391 5561 5610 5639 5713 5896 5920 9738 9739 9749 9759 9760 9783 9801 9820 9821 9831 9836 9858 9871 9882 9883 9884 9885 9886 9904 9939 9940 9958 9959 9960 9973 9986 9993 10019 10020 10027 10028 10029 10040 10048 10057 10065 10085 10086 10087 10088 10097 10098 10099 10107 10108 10127 10135 10145 10151 10160 10167 10168 10196 10202 10208 10209 10227 10228 10229 10236 10252 10253 10254 10255 10268 10269 10280 10293 10294 10304 10305 10313 10319 10324 10331 10332 10333 10334 10354 10358 10359 10360 10368 10378 10379 10398 10399 10406 10410 10411 10420 10424 10431 10438 10439 10443 10450 10459 10460 10466 10474 10478 10481 10482 10493 10494 10500 10512 10515 10516 10517 10520 10521 10528 10529 10537 10546 10549 10557 10568 10569 10570 10591 10604 10605 10611 10621 10622 10651 10652 10653 10664 10665 10666 10675 10676 10697 10703 10704 10708 10717 10718 10727 10728 10737 10745 10759 10760 10761 10771 10778 10779 10805 10812 10813 10820 10821 10839 10858 10868 
	
	}
	weather={
	}
}
