
strategic_region={
	id=282
	name="STRATEGICREGION_282"
	provinces={
		63 159 325 675 720 891 927 1083 1387 1389 1431 1801 2155 2304 2326 2489 2732 2777 3158 3415 3569 3742 3761 3943 3978 4139 4335 4337 4642 4706 4942 4982 5030 5157 5363 6029 6037 7551 7552 7561 7562 7577 7578 7586 7599 7600 7606 7618 7629 7630 7637 7642 7646 7653 7668 7675 7676 7680 7684 7694 7695 7703 7712 7717 7720 7721 7730 7733 7734 7735 7749 7754 7755 7766 7767 7778 7784 7785 7788 7789 7799 7800 7810 7811 7817 7818 7819 7827 7835 7836 7848 7849 7850 7851 7869 7873 7874 7878 7879 7885 7892 7904 7908 7912 7925 7928 7951 7968 8000 
	}
	weather={
	}
}
