
strategic_region={
	id=282
	name="STRATEGICREGION_282"
	provinces={
		294 409 410 435 476 597 1079 1095 1108 1115 1141 1185 1356 1601 2073 2153 2234 2245 2315 2375 2513 2600 2717 2773 2974 2999 3022 3098 3134 3154 3183 3279 3563 3688 3690 3849 3923 3924 4004 4027 4035 4058 4224 4283 4390 4422 4428 4435 4436 4511 4593 4607 4634 4792 4967 5121 5210 5216 5287 5290 5373 5484 5507 5585 5613 5657 5947 9020 9035 9037 9040 9046 9053 9057 9062 9063 9070 9071 9079 9080 9087 9090 9091 9092 9093 9094 9097 9105 9108 9109 9112 9119 9120 9123 9124 9132 9133 9136 9138 9140 9141 9142 9149 9150 9151 9160 9162 9165 9167 9168 9171 9172 9179 9182 9183 9188 9191 9194 9195 9198 9202 9205 9206 9207 9214 9215 9216 9221 9231 9232 9236 9241 9242 9247 9248 9251 9252 9259 9260 9271 9272 9273 9276 9277 9282 9283 9284 9285 9295 9302 9303 9312 9315 9322 9323 9329 9334 9335 9349 9350 9351 9370 9376 9377 9382 9383 9389 9392 9393 9422 9423 9424 9425 9432 9433 9434 9446 9451 9461 9478 9479 9485 9486 9487 9492 9504 9514 9515 9522 9541 9545 9546 9547 9567 9568 9574 9578 9579 9594 9595 9601 9609 9610 9622 9623 9624 9635 9636 9649 9656 9657 9663 9667 9675 9685 9697 9698 9703 9709 9710 9728 9729 9730 9740 9750 9771 9772 9773 9786 9787 9788 9814 9837 9847 9859 9887 9905 9912 9925 
	}
	weather={
	}
}
