
strategic_region={
	id=283
	name="STRATEGICREGION_283"
	provinces={
		202 432 459 569 579 588 614 626 741 986 993 1013 1046 1069 1198 1248 1299 1484 1512 1554 1603 1628 1643 1708 1856 1919 2021 2294 2598 2603 2631 2658 2694 2809 2864 2903 2914 2918 2947 3039 3072 3318 3383 3404 3755 3842 3882 3884 3952 3956 3988 4051 4092 4241 4253 4307 4361 4622 4723 4724 4738 4802 5052 5072 5213 5404 5522 5527 5596 5618 5665 5701 5863 5962 9229 9230 9235 9246 9267 9270 9281 9294 9300 9301 9311 9321 9327 9328 9333 9340 9347 9348 9355 9356 9364 9369 9379 9380 9381 9387 9388 9400 9401 9409 9410 9431 9438 9439 9440 9441 9445 9459 9460 9469 9470 9471 9484 9491 9494 9502 9503 9512 9513 9520 9521 9540 9554 9563 9564 9565 9566 9572 9573 9584 9592 9593 9607 9608 9615 9616 9617 9621 9634 9641 9642 9654 9655 9662 9666 9673 9674 9693 9694 9695 9696 9702 9714 9715 9721 9725 9726 9727 9748 9757 9758 9769 9770 9782 9813 9830 9835 9857 9870 9881 9903 9911 9917 9918 9919 9924 9948 9957 9971 9972 9985 9990 9991 9992 9997 9998 10007 10018 10026 10038 10039 10046 10047 10055 10056 10064 10075 10076 10096 10105 10106 10116 10117 10124 10125 10126 10143 10144 10175 10176 10177 10193 10194 10195 10201 10207 10225 10226 10241 10242 10249 10250 10251 10263 10267 10279 10292 10310 10311 10312 10329 10330 10353 10367 10377 
	}
	weather={
	}
}
