
strategic_region={
	id=284
	name="STRATEGICREGION_284"
	provinces={
		358 425 462 479 505 516 542 635 642 848 1194 1271 1286 1390 1392 1410 1570 1625 1719 1804 1832 1874 1889 1944 1963 1986 2080 2108 2147 2170 2172 2246 2310 2496 2614 2617 2637 2691 2820 2912 2945 2972 3047 3146 3262 3343 3353 3498 3512 3538 3605 3753 3814 3854 3912 3925 3998 4106 4165 4237 4248 4297 4368 4406 4557 4639 4894 5116 5187 5214 5534 5632 5656 5660 5695 5710 5775 5840 5900 6032 13489 13492 13493 13506 13507 13520 13527 13541 13542 13544 13545 13556 13563 13564 13569 13576 13580 13586 13592 13596 13602 13612 13613 13616 13621 13625 13638 13639 13640 13646 13650 13651 13660 13666 13671 13672 13678 13682 13686 13687 13694 13695 13698 13703 13704 13708 13711 13713 13717 13718 13725 13726 13733 13739 13743 13744 13745 13757 13763 13764 13776 13785 13793 13798 13799 13800 13806 13809 13810 13821 13827 13833 13834 13841 13843 13854 13855 13856 13857 13862 13864 13866 13867 13872 13876 13877 13878 13881 13882 13885 13887 13890 13891 13892 13900 13901 13902 13904 13908 13909 13912 13914 13920 13921 13927 13928 13930 13931 13933 13937 13940 13941 13942 13943 13946 13947 13948 13949 13951 13952 13955 13956 13957 13958 13959 13960 13961 13963 13964 13967 13968 13969 13970 13972 13973 13974 13975 13976 13977 13978 13979 13980 13981 13982 13983 13984 13985 13986 13987 13988 13989 13990 13991 
	}
	weather={
	}
}
