
strategic_region={
	id=286
	name="STRATEGICREGION_286"
	provinces={
		383 669 928 988 1028 1037 1180 1200 1267 1328 1429 1586 1599 1810 1830 1988 2079 2249 2327 2329 2403 2523 2597 2602 2719 2823 2885 2897 2920 3026 3033 3054 3083 3151 3194 3209 3309 3336 3432 3473 3477 3488 3552 3816 3846 4062 4087 4096 4183 4220 4259 4301 4324 4442 4491 4494 4712 4756 4845 4927 4935 5004 5009 5012 5208 5343 5354 5436 5482 5565 5659 5717 5763 5773 5800 5822 5994 7146 7147 7151 7154 7161 7170 7171 7176 7178 7182 7184 7185 7194 7195 7196 7207 7208 7211 7213 7219 7224 7229 7230 7231 7234 7235 7240 7245 7251 7256 7258 7261 7269 7270 7271 7274 7279 7281 7286 7289 7294 7295 7297 7298 7299 7306 7309 7318 7321 7322 7327 7328 7329 7330 7335 7336 7343 7360 7361 7365 7369 7370 7378 7384 7385 7395 7403 7408 7412 7415 7416 7422 7429 7437 7438 7439 7443 7444 7445 7449 7450 7451 7454 7465 7471 7475 7476 7482 7487 7489 7493 7502 7503 7511 7512 7513 7521 7524 7529 7537 7538 7539 7540 7547 7548 7558 7559 7560 7567 7571 7575 7576 7591 7592 7593 7597 7598 7616 7617 7623 7635 7636 7640 7641 7652 7657 7667 7674 7679 7687 7688 7689 7702 7711 7715 7716 7725 7726 7728 7729 7732 7744 7753 7764 7765 7782 7783 7787 7798 7826 7831 
	}
	weather={
	}
}
