
strategic_region={
	id=287
	name="STRATEGICREGION_287"
	provinces={
		21 92 124 149 162 189 290 312 361 431 497 510 536 654 666 726 738 1011 1048 1058 1137 1228 1324 1412 1565 1950 2011 2012 2022 2307 2349 2427 2521 2522 2757 2987 3057 3211 3301 3521 3680 3764 3966 4012 4021 4138 4304 4344 4347 4373 4440 4460 4504 4579 4627 4814 4896 5002 5126 5174 5332 5381 5417 5514 5519 5548 5591 5853 5886 5889 10550 10558 10565 10571 10585 10592 10606 10612 10623 10631 10638 10644 10648 10654 10655 10667 10686 10687 10688 10709 10710 10719 10729 10738 10739 10740 10746 10747 10762 10763 10764 10765 10772 10780 10792 10798 10814 10815 10822 10823 10824 10825 10840 10853 10859 10860 10871 10872 10873 10880 10881 10885 10891 10892 10898 10899 10901 10905 10910 10911 10917 10918 10919 10920 10925 10929 10930 10942 10943 10944 10952 10956 10961 10962 10968 10969 10975 10976 10977 10978 10983 10988 10994 11000 11001 11002 11007 11008 11010 11011 11017 11022 11032 11033 11039 11040 11041 11043 11044 11045 11060 11068 11069 11076 11077 11078 11079 11083 11097 11102 11103 11109 11110 11114 11115 11116 11130 11133 11134 11140 11141 11146 11154 11161 11162 11165 11166 11171 11172 11176 11178 11179 11182 11186 11194 11200 11207 11210 11211 11214 11222 11226 11227 11233 11238 11239 11250 11259 11260 11265 11277 11278 11279 11280 11292 11303 11310 11311 11317 11330 11331 11344 11365 11377 11394 11399 
	}
	weather={
	}
}
