
strategic_region={
	id=288
	name="STRATEGICREGION_288"
	provinces={
		84 194 201 801 976 1297 1313 1449 1502 1660 1836 1887 1937 2214 2215 2219 2405 2436 2540 2664 2708 2888 2909 2951 2966 2967 2998 3009 3048 3099 3230 3277 3322 3440 3447 3452 3456 3508 3642 3725 3775 3927 3948 3968 3979 4143 4207 4238 4317 4360 4363 4378 4448 4476 4520 4695 4766 4801 4809 5028 5218 5233 5297 5326 5353 5437 5449 5494 5572 5634 5764 5850 5964 6007 12453 12456 12460 12465 12468 12471 12473 12474 12477 12479 12481 12482 12483 12485 12488 12489 12490 12495 12496 12497 12500 12501 12505 12506 12509 12510 12511 12513 12516 12518 12521 12526 12527 12529 12530 12531 12532 12534 12535 12539 12540 12542 12545 12546 12548 12549 12550 12551 12557 12558 12562 12563 12565 12566 12568 12570 12573 12575 12576 12577 12578 12582 12583 12584 12585 12587 12588 12589 12593 12600 12601 12602 12605 12606 12607 12610 12614 12615 12616 12617 12619 12629 12630 12631 12633 12637 12638 12641 12642 12643 12646 12650 12655 12656 12662 12663 12666 12667 12668 12671 12676 12677 12682 12687 12688 12691 12692 12695 12701 12702 12703 12704 12708 12709 12711 12716 12717 12718 12724 12725 12726 12729 12732 12733 12734 12742 12743 12747 12748 12753 12755 12758 12759 12768 12769 12773 12777 12783 12786 12794 12797 12801 12804 12810 12819 12820 12825 12828 12829 12831 12844 12846 12847 12848 12853 12858 12859 12860 12871 12872 12876 12881 12890 12901 12905 
	}
	weather={
	}
}
