
strategic_region={
	id=289
	name="STRATEGICREGION_289"
	provinces={
		56 110 236 472 540 613 618 667 677 725 727 756 761 799 850 880 922 1206 1208 1320 1334 1363 1393 1428 1616 1618 1620 1632 1641 1841 1975 2001 2023 2055 2272 2274 2331 2463 2635 2857 2990 3141 3179 3308 3313 3401 3494 3550 3587 3626 3718 3782 3944 4029 4200 4244 4254 4282 4496 4614 4698 4820 4842 4853 5007 5047 5064 5099 5119 5198 5267 5336 5351 5467 5544 5563 5577 5635 5647 5649 5712 5722 5752 5793 5909 6023 13286 13292 13297 13298 13305 13312 13317 13319 13320 13321 13324 13328 13331 13332 13336 13337 13338 13341 13343 13349 13352 13353 13354 13355 13361 13364 13367 13368 13369 13376 13379 13382 13383 13384 13386 13400 13403 13407 13408 13412 13416 13422 13426 13432 13433 13434 13435 13437 13444 13449 13450 13456 13458 13462 13463 13469 13480 13481 13482 13483 13488 13491 13496 13497 13505 13510 13519 13530 13539 13540 13551 13553 13554 13555 13567 13568 13575 13583 13584 13585 13591 13601 13606 13610 13611 13615 13617 13618 13619 13620 13624 13630 13635 13636 13637 13645 13648 13649 13654 13655 13656 13664 13665 13670 13677 13681 13685 13688 13693 13702 13707 13710 13712 13715 13716 13732 13738 13742 13747 13752 13756 13761 13762 13771 13775 13779 13780 13784 13792 13803 13804 13805 13812 13820 13829 13840 13847 13861 
	}
	weather={
	}
}
