
strategic_region={
	id=290
	name="STRATEGICREGION_290"
	provinces={
		59 62 64 340 426 702 715 763 765 773 830 1121 1125 1291 1655 1680 1740 1749 1812 1933 2045 2059 2129 2322 2324 2353 2407 2526 2724 2833 2853 2938 3106 3163 3170 3254 3358 3370 3481 3606 3630 3654 3697 3716 3820 3907 3949 3999 4367 4456 4521 4535 4548 4569 4680 4689 4890 4910 5044 5068 5074 5081 5195 5259 5260 5318 5347 5631 5691 5708 5738 5802 5810 5859 5869 5880 6014 6033 12784 12785 12787 12798 12805 12806 12815 12830 12832 12835 12856 12865 12873 12877 12878 12882 12883 12886 12891 12897 12902 12906 12907 12908 12911 12914 12915 12916 12917 12930 12931 12932 12933 12934 12936 12937 12941 12942 12943 12945 12948 12949 12957 12958 12959 12960 12962 12963 12966 12967 12968 12972 12973 12977 12981 12982 12983 12984 12988 12989 12990 12991 12996 12997 13004 13009 13013 13014 13015 13016 13020 13024 13025 13028 13030 13035 13039 13040 13041 13044 13046 13047 13051 13052 13053 13058 13064 13065 13066 13069 13070 13073 13078 13081 13087 13091 13094 13095 13097 13102 13106 13107 13110 13116 13122 13124 13125 13128 13130 13131 13132 13144 13150 13151 13152 13154 13158 13162 13165 13168 13171 13172 13173 13177 13183 13187 13188 13189 13192 13193 13197 13198 13202 13205 13209 13210 13211 13217 13227 13228 13229 13236 13240 13241 13244 13245 13253 13255 13260 13261 13262 13263 13264 13267 13275 13279 13281 13283 13287 13296 13300 13301 13303 
	}
	weather={
	}
}
