
strategic_region={
	id=291
	name="STRATEGICREGION_291"
	provinces={
		7 105 245 288 307 355 376 594 636 645 680 688 737 786 836 977 1047 1128 1213 1302 1376 1401 1481 1508 1627 1707 1765 1793 1831 1899 1935 1955 2075 2196 2335 2352 2434 2492 2557 2739 2740 2811 2879 3197 3235 3297 3360 3640 3658 3896 3900 4001 4084 4135 4149 4296 4308 4394 4629 4719 4819 4821 4856 5053 5102 5110 5127 5133 5239 5247 5282 5476 5535 5658 5675 5735 5745 5790 5836 5935 5981 13390 13391 13397 13399 13411 13415 13425 13430 13431 13447 13448 13452 13453 13457 13467 13468 13473 13474 13475 13478 13487 13503 13504 13508 13509 13513 13517 13518 13524 13528 13529 13536 13537 13538 13543 13550 13561 13562 13571 13572 13573 13574 13579 13590 13594 13595 13600 13604 13605 13608 13609 13623 13628 13629 13633 13634 13643 13644 13653 13659 13662 13663 13667 13668 13669 13675 13676 13679 13680 13684 13690 13691 13692 13700 13701 13714 13722 13723 13724 13729 13730 13731 13736 13737 13741 13746 13750 13751 13753 13754 13755 13760 13766 13770 13773 13774 13777 13778 13783 13787 13788 13789 13791 13796 13797 13807 13808 13816 13817 13819 13826 13830 13831 13832 13838 13839 13845 13846 13853 13860 13870 13871 13874 13875 13880 13884 13889 13895 13898 13899 13903 13906 13907 13910 13911 13913 13919 13923 13925 13926 13936 13939 13945 13953 13954 13962 13965 13966 13971 
	}
	weather={
	}
}
