
strategic_region={
	id=292
	name="STRATEGICREGION_292"
	provinces={
		37 250 293 335 427 465 524 646 713 749 751 769 806 957 1051 1063 1097 1150 1190 1212 1304 1419 1463 1533 1605 1668 1685 1696 1722 1864 1903 1952 2056 2114 2359 2446 2547 2633 2669 2689 2744 2758 2814 2830 2933 3261 3281 3333 3340 3341 3451 3465 3485 3489 3706 3768 3813 3918 4024 4032 4107 4219 4320 4349 4412 4708 4881 4964 5024 5385 5398 5512 5551 5592 5799 14301 14302 14303 14304 14305 14306 14307 14308 14309 14310 14311 14312 14313 14314 14315 14316 14317 14318 14319 14320 14321 14322 14323 14324 14325 14326 14327 14328 14329 14330 14331 14332 14333 14334 14335 14336 14337 14338 14339 14340 14341 14342 14343 14344 14345 14346 14347 14348 14349 14350 14351 14352 14353 14354 14355 14356 14357 14358 14359 14360 14361 14362 14363 14364 14365 14366 14367 14368 14369 14370 14371 14372 14373 14374 14375 14376 14377 14378 14379 14380 14381 14382 14383 14384 14385 14386 14387 14388 14389 14390 14391 14392 14393 14394 14395 14396 14397 14398 14399 14400 14401 14402 14403 14404 14405 14406 14407 14408 14409 14410 14411 14412 14413 14414 14415 14416 14417 14418 14419 14420 14422 14423 14426 14427 14428 14429 14434 14436 14439 14442 14443 14445 14448 14453 14454 14456 14460 14461 14462 14463 14468 14471 14474 14475 14476 14483 14485 14486 14488 14495 14496 14502 14506 14507 14509 14522 14523 14524 14526 
	}
	weather={
	}
}
