
strategic_region={
	id=293
	name="STRATEGICREGION_293"
	provinces={
		12 171 274 286 337 365 428 458 503 506 508 630 716 752 931 981 982 1110 1344 1348 1359 1450 1477 1514 1584 1665 1688 1702 1729 1739 1946 2125 2283 2333 2343 2350 2395 2486 2693 2770 2779 2790 2889 2924 2992 3214 3365 3380 3448 3513 3544 3595 3825 3883 3926 3996 4055 4523 4610 4660 4700 5022 5037 5042 5065 5177 5192 5240 5266 5294 5305 5440 5623 5630 5666 5707 5784 5844 5897 5934 5963 14877 14878 14879 14880 14881 14882 14883 14884 14885 14886 14887 14888 14889 14890 14891 14892 14893 14894 14895 14896 14897 14898 14899 14900 14901 14902 14903 14904 14905 14906 14907 14908 14909 14910 14911 14912 14913 14914 14915 14916 14917 14918 14919 14920 14921 14922 14923 14924 14925 14926 14927 14928 14929 14930 14931 14932 14933 14934 14935 14936 14937 14938 14939 14940 14941 14942 14943 14944 14945 14946 14947 14948 14949 14950 14951 14953 14956 14957 14958 14959 14960 14961 14963 14964 14965 14967 14968 14971 14972 14973 14974 14975 14976 14977 14979 14981 14982 14984 14987 14988 14993 14994 14996 14997 14998 14999 15000 15003 15006 15011 15012 15013 15015 15016 15017 15019 15020 15025 15027 15028 15029 15031 15036 15038 15040 15041 15042 15043 15044 15045 15051 15052 15054 15057 15058 15061 15062 15064 15068 15071 15075 15078 15079 15081 15083 15090 15091 15094 15098 15102 15106 15107 15108 15110 15115 
	}
	weather={
	}
}
