
strategic_region={
	id=294
	name="STRATEGICREGION_294"
	provinces={
		66 167 239 252 348 617 638 731 785 873 879 882 964 1056 1127 1188 1284 1414 1438 1519 1527 1566 1666 1761 1766 1842 2013 2015 2065 2111 2189 2197 2268 2339 2360 2672 2797 2855 2877 2950 2969 3572 3577 3599 3661 3901 4066 4116 4191 4341 4346 4592 4678 4869 4952 4994 5091 5156 5203 5229 5322 5599 5611 5705 5737 5767 5819 5893 5950 6012 15234 15235 15238 15251 15267 15272 15276 15280 15286 15300 15301 15302 15311 15327 15328 15337 15347 15350 15358 15359 15371 15378 15389 15390 15391 15396 15413 15417 15418 15419 15420 15430 15439 15444 15448 15449 15456 15461 15462 15473 15475 15477 15486 15503 15504 15505 15510 15511 15512 15519 15534 15535 15536 15537 15542 15543 15550 15551 15552 15553 15556 15557 15561 15567 15579 15584 15585 15587 15588 15597 15598 15599 15603 15604 15610 15619 15626 15627 15633 15635 15636 15642 15646 15647 15652 15653 15659 15668 15669 15673 15674 15677 15678 15679 15682 15693 15694 15695 15701 15702 15708 15709 15716 15720 15723 15724 15729 15737 15738 15744 15746 15747 15752 15759 15760 15761 15766 15767 15768 15777 15782 15786 15787 15788 15792 15795 15796 15803 15804 15811 15816 15817 15819 15820 15826 15834 15835 15846 15847 15852 15853 15854 15858 15859 15864 15867 15870 15876 15877 15878 15879 15887 15890 15891 15892 15895 15898 15899 15905 15907 15910 15917 15919 15925 15928 15929 15937 
	}
	weather={
	}
}
