
strategic_region={
	id=295
	name="STRATEGICREGION_295"
	provinces={
		68 140 158 175 177 229 311 326 447 570 584 655 696 697 724 832 849 1177 1217 1223 1237 1315 1526 1528 1644 1881 1901 1959 1982 2007 2138 2161 2205 2479 2495 2567 2620 2858 2946 2958 3126 3227 3339 3372 3487 3509 3871 3885 3909 3961 3977 4039 4088 4230 4234 4328 4438 4566 4637 4654 4684 4812 4850 4855 4899 4995 5143 5603 5627 5637 5795 5833 5892 5904 5953 5973 5979 15947 15953 15957 15961 15965 15968 15974 15977 15980 15986 15993 15994 15995 15999 16000 16005 16006 16007 16012 16014 16017 16021 16022 16026 16027 16029 16033 16034 16038 16039 16040 16043 16048 16049 16050 16051 16053 16057 16064 16065 16071 16072 16076 16077 16078 16081 16082 16083 16084 16085 16087 16090 16092 16093 16094 16095 16098 16099 16100 16101 16102 16103 16104 16108 16110 16111 16112 16113 16115 16116 16117 16118 16122 16123 16127 16128 16131 16133 16134 16136 16137 16138 16140 16141 16142 16147 16150 16151 16153 16154 16155 16158 16159 16160 16162 16166 16167 16168 16173 16174 16175 16177 16178 16179 16181 16185 16188 16189 16191 16192 16193 16196 16198 16199 16204 16212 16213 16214 16222 16223 16226 16230 16231 16232 16236 16237 16243 16244 16250 16255 16258 16259 16262 16265 16268 16269 16276 16280 16286 16290 16291 16297 16298 16304 16310 16312 16314 16315 16321 16337 16339 16351 16352 16362 16368 16372 16378 
	}
	weather={
	}
}
