
strategic_region={
	id=296
	name="STRATEGICREGION_296"
	provinces={
		27 81 144 243 370 478 482 608 796 888 890 897 904 1229 1349 1539 1675 1753 1770 1852 1911 2130 2200 2280 2437 2584 2601 2871 2884 3063 3071 3073 3102 3136 3315 3382 3483 3520 3523 3559 3637 3647 3664 3707 3736 3738 3773 3892 4047 4070 4175 4243 4299 4321 4427 4477 4493 4621 4761 4780 4949 5055 5201 5212 5293 5509 5549 5571 5600 15129 15130 15132 15133 15145 15146 15151 15157 15160 15161 15172 15173 15178 15181 15186 15190 15196 15197 15208 15209 15210 15216 15218 15222 15226 15237 15245 15246 15250 15259 15260 15261 15266 15271 15284 15285 15293 15294 15299 15309 15310 15323 15326 15336 15343 15344 15345 15356 15357 15363 15369 15370 15381 15382 15383 15388 15394 15395 15401 15402 15403 15404 15415 15416 15427 15428 15429 15433 15434 15438 15441 15442 15443 15455 15460 15465 15466 15471 15472 15480 15481 15485 15493 15494 15496 15497 15501 15502 15515 15516 15526 15529 15530 15531 15532 15533 15540 15541 15549 15555 15572 15573 15574 15575 15576 15577 15578 15583 15586 15592 15595 15596 15613 15614 15615 15616 15617 15618 15624 15625 15632 15641 15651 15655 15656 15657 15658 15667 15672 15690 15691 15692 15698 15699 15700 15705 15706 15707 15715 15719 15722 15735 15736 15742 15743 15750 15751 15757 15758 15765 15780 15781 15791 15794 15798 15801 15802 15808 15809 15810 15818 15824 15825 15827 15828 15839 15850 15851 15862 15863 15866 15875 15884 
	}
	weather={
	}
}
