
strategic_region={
	id=297
	name="STRATEGICREGION_297"
	provinces={
		69 108 115 122 127 147 211 224 394 438 568 573 581 778 915 1186 1311 1319 1351 1686 1695 1731 1788 1803 1805 1837 1853 2078 2119 2158 2188 2391 2546 2590 2627 2829 2881 2898 2907 2911 2954 2959 2971 3069 3079 3199 3511 3672 3922 4257 4302 4413 4416 4647 4655 4851 4889 4925 5008 5122 5162 5222 5374 5471 5804 5820 5828 5894 6004 6006 16994 16995 17000 17005 17006 17021 17022 17029 17037 17054 17058 17068 17072 17077 17081 17085 17091 17092 17100 17111 17112 17114 17115 17128 17129 17130 17134 17135 17136 17143 17146 17153 17158 17163 17164 17165 17173 17174 17182 17183 17191 17195 17196 17198 17199 17200 17204 17214 17215 17216 17217 17225 17226 17227 17232 17233 17235 17236 17242 17245 17250 17251 17253 17254 17257 17258 17259 17264 17265 17266 17268 17270 17271 17272 17273 17275 17276 17277 17278 17281 17283 17284 17287 17289 17290 17293 17295 17296 17297 17300 17301 17302 17307 17308 17311 17312 17315 17316 17317 17318 17319 17321 17322 17323 17324 17327 17328 17329 17330 17333 17334 17337 17339 17340 17342 17343 17351 17352 17353 17357 17358 17359 17361 17362 17364 17368 17372 17373 17374 17378 17380 17381 17388 17389 17396 17397 17402 17404 17408 17412 17417 17418 17421 17422 17429 17430 17431 17439 17445 17446 17449 17458 17467 17468 17475 17483 17484 17487 17495 17504 17509 17514 17520 17536 17537 17547 17548 17557 17561 17582 
	}
	weather={
	}
}
