
strategic_region={
	id=298
	name="STRATEGICREGION_298"
	provinces={
		109 113 125 155 270 271 304 347 362 554 589 641 699 767 775 820 822 870 945 1016 1055 1239 1281 1491 1505 1548 1612 1638 1677 1733 2264 2411 2607 2651 2840 2868 2977 2994 3038 3116 3119 3228 3320 3381 3396 3426 3441 3532 3555 3608 3645 3703 3734 3914 4100 4115 4212 4250 4424 4478 4524 4526 4575 4576 4991 5166 5237 5330 5337 5348 5380 5408 5480 5619 5792 5907 15500 15509 15513 15514 15518 15547 15548 15554 15560 15566 15571 15589 15590 15591 15594 15602 15622 15623 15630 15631 15634 15639 15640 15662 15663 15666 15671 15681 15704 15713 15714 15717 15718 15728 15734 15741 15745 15748 15749 15755 15756 15764 15770 15771 15775 15776 15783 15784 15785 15790 15797 15799 15800 15807 15815 15822 15823 15832 15833 15836 15837 15838 15840 15841 15842 15849 15855 15856 15857 15861 15865 15868 15869 15871 15872 15873 15874 15881 15882 15883 15885 15886 15888 15889 15893 15894 15896 15897 15900 15901 15902 15903 15904 15906 15908 15909 15911 15912 15913 15914 15915 15916 15918 15920 15921 15922 15923 15924 15926 15927 15931 15932 15934 15936 15938 15939 15940 15943 15944 15945 15948 15949 15950 15954 15955 15956 15959 15960 15963 15964 15966 15967 15970 15971 15972 15973 15976 15979 15981 15982 15983 15985 15987 15988 15991 15992 15998 16002 16004 16011 16016 16020 16024 16025 16032 16037 16042 16045 16052 16055 16056 16066 16069 16070 
	}
	weather={
	}
}
