
strategic_region={
	id=299
	name="STRATEGICREGION_299"
	provinces={
		10 99 153 173 342 430 514 562 578 632 693 747 921 991 1145 1160 1232 1492 1496 1498 1572 1588 1969 2019 2160 2250 2254 2362 2383 2488 2494 2536 2564 2703 2769 2883 2917 2919 2968 3086 3127 3198 3408 3445 3568 3581 3600 3740 3758 3798 3838 3843 4013 4057 4105 4298 4462 4600 4711 4721 4800 4843 4846 5000 5089 5296 5310 5377 5452 5466 5741 16208 16209 16219 16225 16235 16241 16242 16249 16251 16253 16254 16261 16264 16273 16274 16275 16279 16283 16284 16293 16294 16295 16296 16302 16303 16309 16313 16323 16324 16327 16330 16331 16341 16342 16344 16348 16349 16350 16355 16356 16361 16370 16371 16376 16377 16381 16382 16390 16395 16397 16398 16401 16402 16403 16414 16424 16425 16427 16428 16429 16431 16442 16445 16446 16447 16448 16449 16455 16457 16462 16465 16471 16472 16474 16475 16478 16481 16482 16493 16498 16499 16500 16504 16510 16514 16515 16525 16526 16534 16535 16536 16537 16543 16547 16552 16559 16560 16561 16562 16563 16564 16573 16579 16586 16591 16594 16595 16601 16612 16613 16614 16627 16633 16634 16640 16641 16651 16652 16653 16661 16669 16680 16681 16682 16683 16691 16697 16702 16703 16704 16705 16710 16715 16716 16717 16741 16751 16756 16757 16758 16759 16766 16771 16772 16778 16792 16793 16794 16802 16807 16808 16809 16817 16824 16828 16838 16845 16850 16851 16857 16866 16873 16893 16894 16911 16924 16930 16941 16946 16955 
	}
	weather={
	}
}
