
strategic_region={
	id=3
	name="STRATEGICREGION_3"
	provinces={
		102 137 230 257 281 328 756 833 844 862 1112 1171 1252 1340 1367 1430 1461 1478 1519 1542 1693 1786 1815 2096 2164 2187 2240 2255 2283 2296 2364 2465 2482 2524 2680 3073 3101 3291 3329 3387 3431 3837 4262 4429 4455 4467 4475 4526 4676 4755 4766 4834 7738 7743 7755 7766 7788 7791 7795 7806 7814 7820 7821 7824 7847 7848 7850 7851 7858 7859 7863 7864 7882 7885 7889 7892 7893 7896 7915 7921 7922 7924 7928 7930 7933 7934 7946 7949 7952 7955 7966 7970 7984 7991 7993 7994 8002 8008 8018 8019 8022 8028 8030 8037 8041 8042 8053 8054 8067 8088 8100 8108 8112 11669 
	}
	weather={
	}
}
