
strategic_region={
	id=300
	name="STRATEGICREGION_300"
	provinces={
		44 166 204 298 350 373 513 682 704 843 856 864 892 925 967 1027 1060 1064 1070 1084 1090 1136 1340 1609 1737 1742 1824 1840 1876 2018 2047 2124 2128 2261 2386 2585 2595 2621 2657 2760 2801 2842 2844 2862 2880 2916 2948 3237 3344 3594 3659 3689 3801 3895 3902 3937 3945 3953 4275 4313 4366 4392 4439 4630 4640 4665 4776 5005 5023 5027 5057 5107 5148 5176 5360 5419 5473 5614 5641 5831 5895 15127 15128 15142 15150 15156 15167 15170 15171 15185 15189 15195 15200 15206 15207 15217 15221 15225 15231 15232 15233 15240 15241 15248 15249 15257 15258 15264 15265 15270 15279 15282 15283 15290 15291 15292 15307 15308 15318 15319 15324 15325 15330 15331 15332 15349 15355 15360 15361 15362 15365 15366 15367 15368 15374 15385 15386 15387 15399 15400 15410 15411 15412 15414 15426 15432 15447 15454 15459 15464 15467 15468 15469 15470 15478 15479 15484 15490 15491 15492 15498 15499 15507 15508 15517 15524 15525 15528 15539 15546 15559 15565 15569 15570 15581 15582 15600 15601 15607 15608 15609 15621 15629 15638 15644 15645 15649 15650 15654 15664 15665 15676 15684 15685 15686 15687 15688 15689 15696 15697 15703 15721 15727 15730 15731 15732 15733 15739 15740 15754 15762 15763 15769 15772 15773 15774 15778 15779 15789 15793 15805 15806 15812 15813 15814 15821 15829 15830 15831 15843 15844 15845 15848 15860 15880 
	}
	weather={
	}
}
