
strategic_region={
	id=301
	name="STRATEGICREGION_301"
	provinces={
		32 136 407 601 623 710 717 1000 1035 1072 1118 1231 1263 1288 1336 1373 1407 1462 1580 1763 1827 1904 1998 2096 2102 2424 2445 2448 2451 2582 2593 2869 2921 2973 2976 3068 3210 3278 3285 3367 3385 3573 3625 3666 3691 3830 3932 3951 4261 4280 4437 4730 4773 4955 4976 5035 5088 5245 5246 5251 5350 5448 5583 5913 5943 5986 16739 16740 16749 16750 16764 16765 16777 16782 16789 16801 16806 16816 16823 16827 16837 16844 16849 16856 16865 16870 16872 16884 16885 16890 16891 16892 16900 16905 16906 16919 16923 16929 16935 16939 16940 16944 16945 16954 16959 16960 16966 16970 16971 16974 16975 16976 16983 16988 16989 16992 16998 16999 17003 17004 17008 17009 17010 17011 17020 17027 17028 17033 17041 17042 17043 17047 17053 17056 17057 17060 17061 17067 17070 17071 17074 17075 17076 17080 17083 17084 17088 17089 17090 17094 17102 17103 17104 17107 17108 17109 17110 17113 17119 17120 17122 17123 17126 17127 17131 17132 17133 17139 17140 17141 17142 17147 17150 17151 17152 17155 17156 17157 17162 17166 17167 17171 17172 17176 17177 17178 17181 17187 17190 17192 17193 17194 17203 17207 17212 17213 17219 17220 17221 17224 17229 17230 17231 17234 17240 17241 17243 17244 17249 17252 17256 17260 17261 17262 17263 17267 17269 17274 17279 17280 17282 17285 17286 17288 17291 17292 17294 17298 17299 17303 17304 17305 17306 17309 17310 17313 17314 17320 17325 17326 17332 17335 17336 17345 17346 
	}
	weather={
	}
}
