
strategic_region={
	id=302
	name="STRATEGICREGION_302"
	provinces={
		28 70 351 533 616 854 876 896 905 954 1022 1024 1106 1262 1316 1397 1522 1621 1676 1705 1727 1748 1871 1929 1997 2008 2067 2097 2127 2179 2203 2212 2225 2421 2441 2516 2570 2644 2650 2746 2788 2828 2963 3018 3218 3275 3282 3371 3391 3428 3531 3537 3589 3590 3741 3891 4094 4168 4312 4315 4322 4326 4469 4525 4617 4673 4709 4716 4789 4999 5025 5092 5118 5205 5420 5530 5648 5788 5826 5899 5942 16509 16519 16520 16541 16542 16556 16557 16558 16572 16585 16590 16593 16599 16600 16610 16611 16625 16626 16639 16645 16650 16657 16658 16659 16660 16667 16668 16678 16679 16687 16688 16701 16707 16708 16709 16714 16722 16723 16738 16748 16753 16754 16755 16763 16769 16770 16781 16787 16788 16799 16800 16804 16805 16815 16822 16826 16831 16834 16835 16836 16848 16854 16855 16871 16876 16877 16883 16889 16904 16909 16910 16914 16915 16918 16922 16927 16928 16938 16942 16943 16948 16949 16952 16953 16957 16958 16964 16965 16967 16968 16979 16980 16981 16982 16987 16990 16991 16993 16997 17007 17017 17018 17019 17025 17026 17031 17032 17036 17040 17045 17046 17051 17052 17055 17063 17064 17066 17079 17082 17087 17098 17099 17101 17106 17116 17117 17118 17124 17125 17144 17145 17160 17161 17175 17179 17180 17186 17189 17197 17201 17202 17206 17211 17218 17222 17223 17228 17239 17247 17248 17255 
	}
	weather={
	}
}
