
strategic_region={
	id=303
	name="STRATEGICREGION_303"
	provinces={
		74 309 338 403 469 495 532 744 816 831 909 994 1066 1099 1153 1158 1309 1317 1578 1883 2062 2220 2223 2231 2270 2316 2380 2385 2426 2502 2511 2566 2605 2654 2675 2743 2755 2796 2944 3055 3168 3191 3205 3248 3321 3337 3346 3349 3588 3615 3799 3950 4074 4120 4186 4189 4198 4218 4311 4497 4519 4657 4775 4825 4897 4940 4961 5128 5243 5250 5328 5407 5410 5431 5438 5441 5515 5517 5643 5692 5702 5830 5845 5854 5898 5967 17349 17350 17371 17377 17379 17387 17395 17411 17416 17427 17428 17438 17444 17455 17456 17457 17462 17463 17482 17492 17493 17494 17500 17503 17508 17513 17519 17523 17524 17528 17529 17535 17541 17551 17552 17560 17566 17567 17568 17573 17580 17581 17585 17589 17591 17598 17602 17603 17604 17607 17615 17616 17622 17629 17630 17631 17635 17639 17642 17645 17656 17659 17660 17667 17668 17669 17678 17679 17684 17690 17697 17701 17702 17706 17707 17715 17720 17725 17733 17740 17741 17745 17746 17753 17754 17763 17764 17765 17771 17772 17773 17784 17789 17790 17796 17797 17802 17807 17808 17813 17814 17822 17828 17831 17841 17842 17846 17847 17865 17869 17870 17871 17873 17874 17885 17891 17901 17906 17911 17923 17926 17929 17944 17945 17946 17952 17953 17956 17967 17968 17975 17982 17983 17989 17998 18002 18004 18017 18020 18021 18022 18023 18030 18032 
	}
	weather={
	}
}
