
strategic_region={
	id=304
	name="STRATEGICREGION_304"
	provinces={
		246 390 543 605 664 695 707 742 869 875 889 1211 1215 1289 1360 1433 1579 1639 1694 1735 1780 1795 1954 1992 2020 2098 2165 2185 2232 2413 2428 2549 2562 2575 2611 2636 2641 2642 2701 2799 2821 2834 2905 2949 3373 3412 3567 3575 3578 3650 3696 3784 4000 4023 4318 4332 4381 4402 4403 4461 4537 4656 4697 4737 4778 4783 5019 5085 5108 5376 5390 5580 5582 5620 5629 5746 5789 5796 5997 16488 16507 16508 16530 16531 16532 16533 16545 16546 16568 16569 16570 16578 16581 16582 16603 16604 16605 16617 16622 16623 16630 16631 16635 16636 16663 16664 16672 16677 16684 16685 16689 16700 16712 16713 16724 16725 16726 16728 16729 16730 16731 16735 16752 16760 16761 16762 16767 16768 16774 16775 16776 16779 16786 16795 16796 16797 16811 16812 16813 16818 16819 16825 16833 16840 16846 16847 16852 16861 16862 16863 16864 16868 16874 16881 16886 16887 16895 16896 16897 16898 16902 16907 16908 16912 16916 16921 16932 16933 16934 16936 16937 16950 16956 16961 16962 16963 16969 16972 16973 16977 16978 16984 16985 16986 16996 17001 17002 17012 17013 17014 17015 17016 17023 17024 17030 17034 17035 17038 17039 17044 17048 17049 17050 17059 17062 17065 17069 17073 17078 17086 17093 17095 17096 17097 17105 17121 17137 17138 17148 17149 17154 17159 17168 17169 17170 17184 17185 17188 17205 17208 17209 17210 17237 17238 17246 
	}
	weather={
	}
}
