
strategic_region={
	id=305
	name="STRATEGICREGION_305"
	provinces={
		58 145 206 207 213 272 381 420 429 550 607 621 633 735 842 907 1080 1148 1290 1480 1582 1636 1690 1704 1794 1890 1913 1945 2029 2046 2517 2527 2550 2685 2705 2892 3007 3123 3176 3215 3232 3317 3388 3704 3735 3850 3862 3881 4017 4098 4188 4195 4240 4262 4398 4441 4474 4561 4577 4603 4633 4663 4664 4688 4693 4714 4718 4752 4943 5032 5036 5083 5206 5215 5262 5402 5450 5464 5486 5569 5578 5756 5867 5871 5908 5916 5968 6003 6026 15930 15933 15935 15941 15942 15946 15951 15952 15958 15962 15969 15975 15978 15984 15989 15990 15996 15997 16001 16003 16008 16009 16010 16013 16015 16018 16019 16023 16028 16030 16031 16035 16036 16041 16044 16046 16047 16054 16058 16059 16060 16061 16062 16063 16067 16068 16073 16074 16075 16079 16080 16086 16088 16089 16091 16096 16097 16105 16106 16107 16109 16114 16119 16120 16121 16124 16125 16126 16129 16130 16132 16135 16139 16143 16144 16145 16146 16148 16149 16152 16156 16157 16161 16163 16164 16165 16169 16170 16171 16172 16176 16180 16182 16183 16184 16186 16187 16190 16194 16195 16197 16200 16201 16202 16203 16207 16211 16215 16216 16217 16218 16221 16224 16228 16229 16234 16240 16247 16248 16252 16263 16267 16277 16278 16281 16282 16285 16289 16300 16301 16307 16308 16320 16326 16335 16336 16347 16367 
	}
	weather={
	}
}
