
strategic_region={
	id=306
	name="STRATEGICREGION_306"
	provinces={
		48 101 128 176 219 259 315 331 445 450 483 637 723 777 808 825 833 874 1002 1114 1149 1176 1216 1227 1282 1355 1500 1521 1647 1807 1823 1902 1926 2207 2277 2354 2363 2418 2438 2447 2709 2852 2932 2939 2989 3030 3226 3288 3399 3438 3463 3469 3472 3551 3826 3975 4080 4457 4486 4501 4559 4652 4908 4912 4944 4981 5125 5152 5319 5387 5475 5483 5489 5586 5589 5598 5601 5662 5725 5769 5926 5984 5996 6025 14952 14954 14955 14962 14966 14969 14970 14978 14980 14983 14985 14986 14989 14990 14991 14992 14995 15001 15002 15004 15005 15007 15008 15009 15010 15014 15018 15021 15022 15023 15024 15026 15030 15032 15033 15034 15035 15037 15039 15046 15047 15048 15049 15050 15053 15055 15056 15060 15067 15069 15070 15072 15073 15074 15077 15080 15084 15085 15092 15093 15096 15097 15099 15101 15112 15113 15114 15120 15124 15125 15126 15131 15137 15138 15139 15140 15141 15149 15153 15154 15155 15159 15163 15164 15165 15166 15169 15177 15180 15182 15183 15184 15192 15193 15194 15199 15205 15213 15214 15215 15220 15224 15239 15243 15244 15255 15256 15262 15263 15277 15278 15281 15289 15297 15298 15305 15306 15316 15317 15321 15322 15334 15335 15341 15342 15346 15352 15353 15354 15373 15376 15377 15384 15393 15397 15398 15409 15425 15431 15437 15446 15453 15463 15474 
	}
	weather={
	}
}
