
strategic_region={
	id=34
	name="STRATEGICREGION_34"
	provinces={
		13 61 174 187 270 550 714 723 758 978 1037 1096 1202 1255 1258 1273 1621 1653 1705 1793 2237 2238 2284 2512 2659 2745 2819 2824 2964 2976 3185 3197 3210 3289 3477 3716 3761 3902 4145 4218 4239 4376 4575 4864 6736 6748 6752 6760 6765 6767 6769 6770 6771 6772 6786 6787 6790 6791 6792 6794 6796 6801 6810 6811 6812 6814 6819 6823 6824 6835 6838 6841 6854 6855 6859 6866 6869 6873 6874 6881 6882 6890 6897 6898 6903 6905 6911 6912 6917 6920 6922 6926 6927 6936 6937 6939 6947 6948 6951 6958 6959 6965 6967 6982 6989 6990 6997 7005 7007 7009 7010 7021 7025 7072 7089 11687 
	}
	weather={
	}
}
