
strategic_region={
	id=37
	name="STRATEGICREGION_37"
	provinces={
		129 131 166 178 191 284 475 484 519 612 843 1024 1027 1087 1327 1336 1874 2040 2242 2252 2277 2310 2355 2358 2413 2589 2698 2786 2856 2887 2924 2969 3110 3238 3481 3490 3967 3980 4087 4105 4109 4110 4212 4329 4443 4703 4706 4743 4955 4961 7015 7020 7032 7040 7047 7051 7065 7070 7078 7088 7095 7111 7119 7127 7133 7143 7148 7154 7164 7166 7170 7177 7187 7191 7196 7197 7205 7208 7211 7215 7236 7237 7241 7242 7246 7247 7265 7267 7272 7273 7280 7292 7298 7301 7308 7309 7315 7329 7334 7335 7336 7344 7356 7361 7376 7404 7406 7423 11574 
	}
	weather={
	}
}
