
strategic_region={
	id=53
	name="STRATEGICREGION_53"
	provinces={
		347 617 639 692 719 739 762 809 948 1113 1164 1216 1251 1452 1459 1798 2070 2116 2145 2218 2521 2527 2544 2590 2647 3165 3180 3299 3315 3514 3605 3626 3698 3797 3992 4079 4102 4214 4381 4596 4641 4811 4921 4941 4984 6055 6059 6060 6073 6075 6082 6086 6089 6093 6094 6097 6098 6101 6103 6110 6111 6112 6117 6118 6119 6121 6124 6127 6129 6136 6138 6140 6143 6149 6152 6155 6156 6157 6158 6163 6164 6165 6168 6173 6177 6179 6181 6183 6184 6187 6191 6192 6195 6196 6197 6204 6206 6213 6214 6224 6225 6226 6227 6232 6236 6238 6241 6245 6246 6249 6251 6254 6264 6268 6271 6277 6283 
	}
	weather={
	}
}
