
strategic_region={
	id=55
	name="STRATEGICREGION_55"
	provinces={
		338 436 606 633 1194 1323 1564 1588 1592 1613 1811 1828 1835 1922 2155 2203 2243 2423 2468 2548 2645 2671 2708 2752 2910 2928 3002 3169 3188 3209 3231 3268 3279 3455 3693 3858 4004 4085 4086 4192 4261 4544 4549 4581 4595 4646 4680 4878 4928 5802 5808 5812 5815 5820 5821 5823 5827 5832 5833 5838 5842 5843 5848 5854 5855 5856 5859 5862 5865 5866 5868 5870 5875 5876 5877 5885 5886 5887 5896 5898 5899 5905 5911 5914 5918 5921 5929 5930 5933 5934 5941 5944 5945 5947 5948 5957 5960 5961 5962 5971 5972 5973 5978 5980 5988 5989 5991 5996 6002 6006 6016 6023 6032 
	}
	weather={
	}
}
