
strategic_region={
	id=57
	name="STRATEGICREGION_57"
	provinces={
		27 41 97 148 185 310 330 440 732 852 1135 1288 1314 1426 1491 1497 1538 1565 1603 1725 1732 1853 1860 1877 2157 2159 2254 2297 2434 2493 2578 2656 2981 3016 3112 3278 3423 3501 3806 3958 4018 4059 4106 4136 4165 4306 4397 4425 4557 4601 4635 4739 4914 4967 4975 5238 5248 5259 5263 5276 5277 5288 5290 5295 5297 5298 5308 5309 5311 5316 5317 5324 5327 5328 5330 5331 5332 5333 5340 5345 5346 5350 5354 5359 5363 5364 5365 5369 5370 5373 5375 5377 5378 5380 5381 5385 5387 5388 5389 5392 5396 5397 5398 5399 5402 5407 5410 5411 5413 5414 5418 5419 5420 5429 
	}
	weather={
	}
}
