
strategic_region={
	id=59
	name="STRATEGICREGION_59"
	provinces={
		37 38 214 237 247 352 421 508 679 717 817 1015 1170 1307 1486 1573 1585 1746 1848 1854 1869 2097 2152 2153 2263 2325 2554 2847 3000 3131 3281 3786 3799 3899 3910 4067 4256 4268 4332 4337 4385 4527 4590 4689 4853 4978 4985 5501 5504 5506 5513 5515 5517 5523 5526 5527 5530 5531 5540 5541 5546 5547 5550 5554 5556 5557 5558 5559 5562 5565 5570 5571 5575 5576 5581 5584 5590 5594 5597 5598 5601 5604 5607 5609 5613 5617 5618 5619 5628 5635 5639 5640 5642 5650 5651 5655 5661 5663 5664 5671 5681 5684 5687 5689 5690 5693 5708 5715 5721 5728 5732 5733 5743 5744 
	}
	weather={
	}
}
