
strategic_region={
	id=6
	name="STRATEGICREGION_6"
	provinces={
		10 204 210 251 327 429 481 670 689 691 704 829 878 884 1006 1066 1451 1457 1641 1648 1698 1727 1954 1959 2012 2094 2111 2131 2162 2178 2221 2245 2487 2522 2557 2684 2711 2747 2756 2811 2870 2951 3111 3113 3170 3286 3366 3489 3639 4114 4317 4318 4420 4423 4431 4901 7953 7956 7961 7972 7980 7989 7990 7996 7997 7998 8006 8021 8023 8027 8032 8039 8045 8046 8050 8057 8058 8068 8072 8073 8077 8085 8090 8092 8094 8095 8098 8101 8105 8106 8107 8109 8110 8111 8116 8121 8125 8126 8127 8130 8132 8133 8140 8141 8144 8145 8146 8148 8149 8151 8152 8157 8160 8161 8168 8169 8173 8177 8181 8182 8188 8193 8199 8202 8203 8206 8212 8213 8214 8215 8217 8218 8219 8221 8222 8226 8229 8241 8246 8247 8253 8260 8261 8268 8271 8274 8276 8282 8289 8290 8309 8312 8326 8328 8341 8342 
	}
	weather={
	}
}
