
strategic_region={
	id=61
	name="STRATEGICREGION_61"
	provinces={
		1 62 71 142 223 225 276 361 387 793 1348 1352 1526 1677 1745 1903 1996 2053 2083 2161 2176 2214 2467 2550 2611 2709 2894 2975 3057 3061 3364 3606 3807 3852 3926 4027 4030 4033 4078 4092 4211 4406 4501 4704 4729 4768 4804 4813 4824 4913 5902 5903 5907 5916 5920 5923 5928 5937 5949 5950 5956 5958 5963 5977 5984 5990 5992 5993 5994 6004 6007 6008 6010 6011 6013 6014 6015 6017 6021 6024 6025 6027 6030 6038 6041 6048 6049 6052 6053 6054 6056 6061 6064 6066 6067 6068 6076 6078 6080 6096 6102 6104 6106 6113 6114 6115 6120 6122 6126 6132 6134 6144 
	}
	weather={
	}
}
