
strategic_region={
	id=224
	name="STRATEGICREGION_224"
	provinces={
		114 119 433 512 759 1305 1375 1511 1535 1598 1614 1683 1885 2173 2400 2849 3196 3219 3375 3486 4127 4309 4339 4400 4564 4658 4703 4788 4938 4956 5094 5622 5636 11465 11466 11471 11477 11501 11502 11521 11522 11541 11542 11544 11545 11552 11557 11562 11569 11573 11585 11586 11595 11596 11610 11612 11620 11623 11624 11634 11640 11656 11657 11658 11659 11662 11669 11675 11694 11699 11700 11706 11707 11708 11735 11748 11749 11750 11764 11788 11801 11802 11815 11825 11826 11850 11854 11855 11863 11900 11914 11954 11966 11967 11977 12005 12028 
	}
	weather={
	}
}
