
strategic_region={
	id=227
	name="STRATEGICREGION_227"
	provinces={
		169 198 658 885 937 1094 1294 1353 1364 1420 1473 1637 1936 1990 2194 2237 2340 2392 3080 3236 3709 3765 3797 3875 4151 4269 4329 4393 4423 4434 4480 4604 4729 4859 4920 5104 5497 5608 5890 5917 11099 11126 11143 11157 11168 11173 11190 11195 11201 11202 11218 11224 11229 11230 11235 11236 11254 11255 11262 11269 11274 11283 11288 11289 11290 11299 11305 11306 11326 11337 11338 11340 11357 11374 11378 11381 11382 11383 11404 11405 11406 11407 11412 11415 11420 11424 11431 11432 11433 11438 11443 11446 11449 11456 11467 11472 11478 11479 11484 11486 11491 11492 11503 11513 11514 11515 11523 11528 11534 11563 11574 
	}
	weather={
	}
}
