
strategic_region={
	id=230
	name="STRATEGICREGION_230"
	provinces={
		39 72 98 349 439 553 685 719 755 840 963 1195 1270 1413 1551 1682 1785 1879 2113 2208 2519 2528 2555 2599 2707 2765 3096 3368 3442 3504 3562 3597 3669 3859 3919 3967 4190 4327 4358 4464 4763 4844 4865 4891 4922 5021 5087 5103 5221 5444 5690 5814 5848 5873 5923 6044 6045 6054 6059 6067 6072 6073 6080 6086 6087 6088 6096 6097 6102 6107 6115 6116 6122 6132 6133 6136 6146 6147 6148 6170 6172 6178 6179 6191 6206 6210 6211 6217 6223 6224 6235 6250 6251 6252 6256 6267 6274 6275 6283 6296 6320 6321 6322 6342 6349 6350 6358 6384 6400 6426 6427 6428 6429 6438 6467 6468 6474 6488 6489 6514 6552 6574 6575 6634 6652 6700 
	}
	weather={
	}
}
