
strategic_region={
	id=232
	name="STRATEGICREGION_232"
	provinces={
		73 130 178 221 275 291 788 794 861 996 1068 1225 1585 1590 1838 1915 2273 2469 2749 2803 2851 3076 3717 3873 3958 4108 4137 4364 4755 4805 4933 5134 5153 5173 5472 5593 5754 6039 6040 6043 6049 6051 6055 6063 6066 6071 6074 6075 6076 6083 6085 6090 6093 6094 6101 6104 6105 6113 6114 6119 6130 6131 6135 6140 6141 6145 6152 6162 6163 6167 6168 6169 6177 6195 6201 6202 6203 6204 6205 6209 6220 6221 6222 6234 6249 6255 6261 6262 6272 6273 6295 6303 6308 6314 6328 6329 6341 6357 6361 6362 6373 6379 6380 6383 6391 6408 6412 6445 6507 6530 6584 
	}
	weather={
	}
}
