
strategic_region={
	id=233
	name="STRATEGICREGION_233"
	provinces={
		300 343 345 384 441 1310 1321 1418 1745 1762 1880 1949 2163 2406 2662 2841 3023 3265 3274 3557 3632 3743 4015 4217 4239 4529 4562 4860 4930 5211 5264 5384 5776 7080 7083 7087 7091 7093 7096 7100 7105 7106 7109 7110 7114 7115 7117 7122 7123 7124 7126 7129 7131 7132 7137 7140 7141 7149 7150 7162 7163 7164 7165 7174 7177 7179 7190 7191 7192 7198 7199 7201 7204 7214 7216 7217 7218 7220 7221 7225 7236 7238 7243 7246 7247 7248 7249 7252 7262 7264 7272 7273 7275 7276 7282 7283 7284 7292 7300 7301 7307 7311 7337 7380 7387 
	}
	weather={
	}
}
