
strategic_region={
	id=234
	name="STRATEGICREGION_234"
	provinces={
		49 170 199 265 728 844 1251 1300 1483 1517 1567 1593 1822 2444 2467 2683 2802 2925 2927 2991 3002 3087 3090 3153 3256 3271 3314 3414 3455 3461 3525 3628 3656 3681 3792 3942 3984 4124 4131 4178 4229 4388 4594 4791 5123 5315 5465 5470 5645 7215 7227 7241 7242 7267 7268 7290 7291 7310 7319 7323 7324 7331 7332 7344 7345 7352 7357 7358 7371 7372 7373 7379 7386 7393 7396 7404 7405 7406 7413 7417 7418 7419 7423 7426 7432 7440 7446 7455 7456 7459 7466 7467 7477 7483 7484 7488 7490 7491 7494 7495 7496 7504 7514 7515 7522 7530 7531 7532 7541 7542 7568 7572 7573 7579 7580 7583 7594 7601 7607 7611 7612 7619 7620 7624 7643 7658 7659 7690 7704 
	}
	weather={
	}
}
