
strategic_region={
	id=245
	name="STRATEGICREGION_245"
	provinces={
		118 212 493 555 698 766 916 1169 1357 1399 1664 1843 1996 2035 2159 2415 2514 2634 2895 2942 3651 3746 4072 4649 4832 4895 5138 5257 5403 5528 5556 5680 5808 5876 6048 6052 6053 6058 6062 6065 6068 6069 6078 6079 6081 6082 6089 6092 6095 6099 6100 6106 6111 6118 6120 6127 6128 6129 6138 6144 6149 6150 6151 6154 6155 6158 6159 6160 6161 6175 6176 6181 6185 6186 6187 6188 6189 6193 6199 6208 6213 6214 6227 6228 6229 6242 6243 6244 6258 6264 6279 6280 6285 6291 6298 6299 6317 6326 6327 6331 6335 6336 6337 6347 6348 6363 6381 6387 6388 6403 6430 6431 6441 6442 6458 6462 6463 6482 6501 6502 6516 6517 6532 6568 6588 6637 
	}
	weather={
	}
}
