
strategic_region={
	id=246
	name="STRATEGICREGION_246"
	provinces={
		17 195 255 280 437 631 634 660 972 1250 1663 1867 1927 2032 2258 2388 2609 2975 3064 3332 3541 3547 3991 4122 4154 4467 4516 4596 5147 5161 5182 5244 5477 5696 5751 6016 6019 6316 6325 6368 6386 6395 6420 6440 6449 6459 6460 6461 6481 6493 6510 6511 6515 6525 6538 6544 6557 6558 6567 6578 6579 6580 6586 6587 6592 6605 6606 6625 6635 6636 6646 6659 6668 6669 6677 6678 6714 6715 6726 6745 6746 6755 6762 6769 6770 6788 6789 6805 6806 6813 6819 6824 6830 6856 6857 6858 6862 6881 6882 6890 6901 6902 6908 6920 6930 6931 6946 6959 6975 6983 6987 6988 6998 7000 
	}
	weather={
	}
}
