1 10 2017 4403 7840 1479 7781 1460 7727 7698 7662 7620 
1 7 3782 7696 3193 7698 1997 7727 3193 
1 8 1157 6783 6755 3421 6747 6766 501 6808 
1 29 6808 2105 6864 6888 6883 3929 1080 1920 1571 6846 6822 1982 1764 2569 3377 2728 3610 6682 2453 6654 6626 1320 2984 3128 6711 195 6779 751 501 
1 10 7953 7956 1451 7961 7972 7980 7998 8023 4420 8085 
1 12 1648 7996 8027 8050 429 8109 8130 8144 8168 884 8212 8221 
1 8 2111 8312 8328 1954 8341 8342 2711 8326 
1 8 8276 878 8247 8229 2557 8188 8169 8146 
1 13 8219 4423 8226 4318 8214 1959 3111 2747 8149 204 8095 8073 3489 
1 6 8111 8133 829 4431 8145 2747 
1 10 3489 8073 8095 8098 1641 8125 2811 8151 1066 8173 
1 5 660 1243 3573 7678 3990 
1 5 641 6985 753 1303 3388 
1 5 641 2456 7001 3327 240 
1 9 641 7036 7058 7076 7118 7137 4881 7159 7142 
1 7 7391 7415 7422 3719 7503 926 7512 
1 8 4953 7883 3383 7866 7860 4563 7792 1008 
1 5 4953 2065 4250 1089 7942 
1 5 4953 4183 7976 3984 1807 
1 8 2844 8652 374 8662 8673 8709 1474 8733 
1 8 8722 8701 8735 8733 1349 514 8812 4013 
1 4 374 8613 8581 2537 
1 2 2844 8733 
1 7 2969 7247 7246 1087 2277 7196 519 
1 8 2969 7208 1336 1027 7215 2310 7292 7336 
1 5 7215 7187 2856 4443 7111 
1 8 2969 178 4212 7344 166 3481 7356 7336 
1 5 2310 7242 4110 4329 2969 
1 4 7356 7329 3980 7242 
1 6 7246 2040 7272 129 3110 7196 
1 8 7272 7308 2887 7376 2358 284 2589 4212 
1 5 1087 7205 7177 4087 2277 
1 9 519 4703 7095 2786 7070 484 4105 7170 1336 
1 8 7208 7170 7164 4961 475 7246 7247 2969 
1 5 7070 612 7148 1327 4961 
1 4 7111 7133 7154 7170 
1 2 6667 6644 
1 18 373 8769 2633 8754 1186 8702 8667 8619 8627 8585 8589 8520 8474 4080 8443 688 8385 8404 
1 3 8754 8781 1496 
1 5 688 8381 8348 8351 8404 
1 7 2339 507 3417 1738 2071 3155 3092 
1 6 949 2885 9275 9242 1655 3155 
1 5 1197 3689 730 2136 346 
1 8 2000 192 4066 2001 4854 9024 9040 2673 
1 5 192 480 4693 2166 4964 
1 13 2000 8925 8926 8902 8878 2334 8841 4282 8874 3260 8913 8929 192 
1 8 8459 8434 3541 8533 709 8664 8697 8726 
1 9 10817 10802 3334 1537 2839 905 10700 10679 4355 
1 6 2839 10764 10747 10730 10718 3392 
1 11 1448 10448 3352 1222 4410 10361 10355 10337 3788 10291 3068 
1 6 10412 10400 4352 10374 10367 10355 
1 13 3220 11108 2957 11149 11163 11171 14 11213 1230 11268 3046 11331 11373 
1 2 3220 4897 
1 15 10071 10088 10101 4364 10133 10117 10124 3058 10120 10137 733 10130 1160 10078 986 
1 7 6559 6596 6601 6623 2980 2350 6644 
1 3 4369 6759 3189 
1 10 3749 11110 3813 11129 11116 1611 11157 3105 11230 4756 
3 6 3299 6138 4641 347 6111 6121 
1 4 1216 6149 6136 6121 
2 3 6136 1798 4921 
1 4 6232 6214 6183 1216 
2 5 6181 4102 4984 692 3299 
1 4 6181 6165 1251 3299 
1 4 6163 6155 6157 6181 
1 5 4984 6204 6225 3992 6232 
3 9 4971 8007 8035 4395 8048 8052 2827 3119 7978 
1 6 3386 3031 8114 4166 8065 8052 
1 6 87 8139 8117 4606 8079 8052 
1 6 8097 8086 186 8081 8079 8052 
2 3 5271 5246 5233 
1 7 3523 3263 5243 253 5250 5264 5271 
1 5 3570 3824 2690 5278 5271 
1 6 2437 5306 2779 1402 5232 2796 
1 10 1402 5261 608 1506 5233 5218 4796 5201 1520 3316 
1 5 42 4453 1525 5522 5544 
1 7 5544 2683 5579 4778 1971 5645 262 
2 9 4220 2625 7351 1561 1105 3692 7470 1276 7504 
1 3 3692 3446 646 
1 8 646 3602 3896 2130 272 2508 7416 4270 
1 10 1155 7802 1910 7810 3836 3032 520 4829 660 7625 
1 3 4034 7749 3990 
1 18 8651 2042 8597 8545 8495 8450 2207 8402 8363 1145 1507 8358 3186 8424 8466 8511 4735 8595 
1 6 20 9351 2850 9259 796 2016 
1 3 4250 409 7786 
1 3 2805 3565 3984 
1 12 10312 10335 3833 2575 1193 10376 4072 10408 10436 10455 443 1797 
1 9 443 2449 4835 10503 4545 2293 10472 855 1596 
3 9 35 8038 8010 7988 3312 3707 2385 836 524 
2 7 7898 1217 7839 7846 7805 7813 7787 
1 4 7805 3399 7737 7711 
1 7 7711 7691 7666 7619 2884 3295 3865 
1 2 8474 2813 
1 4 1478 4834 1340 137 
1 6 2364 7864 281 7848 7863 7847 
2 10 9329 418 1129 1239 1878 9335 9349 9336 1227 3266 
1 9 9411 4201 3467 9436 9448 158 3033 2199 9349 
1 11 4600 11537 11525 11518 11519 11508 4020 11526 11539 1963 2562 
1 8 11292 11274 11240 512 1752 3020 11114 2629 
1 9 3466 336 11271 11296 11284 11272 11262 2077 11274 
3 7 10524 4307 10540 10519 10523 10504 3654 
1 10 10626 145 2274 4418 10524 3095 1429 680 4359 222 
1 3 4639 10596 10617 
1 2 10429 2919 
1 4 2279 10440 1420 10429 
