1 68 
1 82 
1 84 
1 109 
1 112 
1 137 
1 174 
1 198 
1 240 
1 295 
1 355 
1 375 
1 391 
1 434 
1 579 
1 601 
1 619 
1 641 
1 788 
1 839 
1 861 
1 903 
1 989 
1 1049 
1 1053 
1 1075 
1 1216 
1 1514 
1 1542 
1 1590 
1 1777 
1 1846 
1 1974 
1 2051 
1 2067 
1 2192 
1 2327 
1 2437 
1 2440 
1 2499 
1 2569 
1 2591 
1 2627 
1 2678 
1 2776 
1 2810 
1 2839 
1 2850 
1 2949 
1 2969 
1 2984 
1 3153 
1 3189 
1 3210 
1 3220 
1 3299 
1 3333 
1 3364 
1 3392 
1 3393 
1 3458 
1 3461 
1 3466 
1 3614 
1 3724 
1 3897 
1 3929 
1 3974 
1 3984 
1 3991 
1 4084 
1 4136 
1 4140 
1 4169 
1 4240 
1 4249 
1 4426 
1 4482 
1 4563 
1 4660 
1 4758 
1 4759 
1 4794 
1 4824 
1 4833 
1 4924 
1 4953 
1 5023 
1 5042 
1 5058 
1 5090 
1 5101 
1 5121 
1 5189 
1 5214 
1 5228 
1 5271 
1 5317 
1 5337 
1 5346 
1 5364 
1 5601 
1 5638 
1 5739 
1 5852 
1 5981 
1 6025 
1 6088 
1 6121 
1 6181 
1 6232 
1 6261 
1 6318 
1 6553 
1 6559 
1 6561 
1 6644 
1 6755 
1 6808 
1 6869 
1 6919 
1 7077 
1 7118 
1 7142 
1 7391 
1 7675 
1 7711 
1 7847 
1 7923 
1 7992 
1 8115 
1 8542 
1 8780 
1 8839 
1 8931 
1 8955 
1 9023 
1 9144 
1 9155 
1 9352 
1 9355 
1 9420 
1 9479 
1 9481 
1 9531 
1 9575 
1 9595 
1 9626 
1 9701 
1 9706 
1 9930 
1 9958 
1 10029 
1 10090 
1 10101 
1 10130 
1 10170 
1 10174 
1 10250 
1 10312 
1 10355 
1 10376 
1 10412 
1 10582 
1 10683 
1 10686 
1 10729 
1 10774 
1 10807 
1 10825 
1 10842 
1 10970 
1 10990 
1 11114 
1 11129 
1 11177 
1 11181 
1 11213 
1 11279 
1 11292 
1 11372 
1 11381 
1 11403 
1 11423 
1 11425 
1 11499 
1 11504 
1 12057 
1 12102 
1 12268 
1 12331 
1 12343 
1 12444 
1 12802 
1 12820 
1 12928 
1 12960 
