
state={
	id=113
	name="STATE_113"

	history={
		owner = KAR
		add_core_of = KAR
		buildings = {
			infrastructure = 2

		}

	}

	provinces={
		371 456 626 1020 1192 1221 1581 1610 1885 1969 2011 2179 2352 2353 2556 2797 3159 3259 3369 3703 3727 3730 3742 4002 4315 4330 4511 4559 4733 4795 4819 11430 11431 11433 11434 11435 11438 11442 11443 11445 11446 11447 11448 11449 11452 11453 11455 11457 11458 11459 11460 11463 11466 11467 11468 11471 11474 11477 11478 11479 11480 11483 11486 11487 11488 11489 11490 11494 11500 11501 11503 11506 
	}
	manpower=140000
	buildings_max_level_factor=1.000
	state_category = town
	local_supplies=0.000
}
