
state={
	id=145
	name="STATE_145"

	history={
		owner = TAR
		add_core_of = TAR
		buildings = {
			infrastructure = 2

		}

	}

	provinces={
		287 317 410 579 734 781 825 1036 1126 1201 1312 1375 1714 2002 2066 2323 2864 3056 3204 3285 3519 3590 3979 4643 4782 5741 5749 5758 5764 5765 5792 5803 5816 5822 5824 5834 5836 5837 5845 5849 5850 5851 5860 5861 5863 5880 5882 5883 5890 5900 5908 5909 5924 5925 5951 5952 5953 
	}
	manpower=230000
	buildings_max_level_factor=1.000
	local_supplies=0.000
}
