
state={
	id=365
	name="STATE_365"

	history={
		owner = CIR
		add_core_of = CIR
		buildings = {
			infrastructure = 2

		}

	}

	provinces={
		140 298 599 870 1110 1226 1235 1279 1516 1541 1579 1681 2108 2700 2800 2846 2904 3277 3436 3760 3957 4073 4645 9524 9544 9553 9573 9574 9576 9584 9590 9599 9611 9618 9619 9620 9633 9634 9637 9653 9655 9665 9678 9686 9687 9694 9696 9708 9709 9712 9715 9717 9724 9726 9738 9739 9752 9756 9757 9768 9784 9789 9799 9811 9815 
	}
	manpower=0
	buildings_max_level_factor=1.000
	state_category = town
	local_supplies= 0.5
}
