
state={
	id=532
	name="STATE_532"
	resources={
	}

	history={
		add_core_of = TAA
		owner = TAA
		buildings = {
			infrastructure = 1
		}
	}

	provinces={
		12220 12654 12655 12656 12657 12658 12659 12660 12661 12662 12663 12664 12665 12679 12680 12681 12682 12683 12684 12689 12690 12691 12692 12693 12694 12695 12696 12697 12698 12702 12703 12704 12705 12706 12707 12708 12709 12710 12711 12712 12713 12714 12715 12716 12717 12718 12719 12722 12723 12724 12725 12726 12727 12728 12729 12730 12731 12732 12733 12734 12735 12736 12737 12738 12739 12740 12743 12744 12745 12746 12747 12748 12749 12755 12756 12757 12758 12759 12760 12761 12762 12763 12764 12765 12766 12767 12768 12769 12770 12771 12772 12773
	}
	manpower=12003000
	buildings_max_level_factor=1.000
	state_category=rural
	local_supplies= 0.5
}
