
state={
	id=92
	name="STATE_92"

	history={
		owner = YAG
		add_core_of = YAG
		buildings = {
			infrastructure = 2

		}

	}

	provinces={
		149 162 239 1003 1185 1264 1456 1462 1578 1631 1724 1886 1939 2084 2317 2382 2538 2641 3058 3201 3305 3412 3441 3528 3687 3715 3746 3848 4095 4690 4837 4869 10010 10012 10015 10022 10026 10031 10033 10042 10043 10047 10048 10056 10058 10061 10065 10080 10085 10104 10105 10117 10120 10124 10133 10137 10149 10168 10177 10181 10188 10198 10205 10210 10211 10218 10223 10230 10244 10247 10260 10266 10272 
	}
	manpower=750000
	buildings_max_level_factor=1.000
	state_category = town
	local_supplies= 0.5
}
